6	-0.5
7	-0.4374
8	-0.868
9	-0.3732
10	0.797
6	-0.746
7	-0.1643
8	-0.7224
9	-1.06
10	0.2384
6	0.7968
7	-0.3323
8	0.9721
9	1.265
10	-0.8527
6	-2.754
7	-3.013
8	-2.149
9	-3.395
10	-4.318
6	-0.08453
7	0.5366
8	1.166
9	0.4646
10	-0.562
6	0.4098
7	0.1978
8	-0.4149
9	0.01233
10	-0.07943
6	0.4446
7	0.7957
8	0.2398
9	0.2589
10	1.023
6	1.172
7	0.7176
8	0.1759
9	0.4356
10	0.676
6	0.09926
7	-0.07468
8	-0.3048
9	-0.2508
10	0.3281
6	-0.5092
7	-0.3381
8	-0.2396
9	-0.239
10	-0.7584
6	1606.0
7	1594.0
8	1600.0
9	1599.0
10	1585.0
6	-0.0994
7	-0.1403
8	-0.6545
9	-0.2267
10	-0.8378
6	-0.06463
7	0.4577
8	1.807E-4
9	0.01982
10	0.2641
6	0.6631
7	0.3796
8	-0.06371
9	0.1965
10	-0.08239
6	-0.4099
7	-0.4127
8	-0.5444
9	-0.4898
10	-0.4303
6	-0.5092
7	-0.3381
8	-0.2396
9	-0.239
10	-0.7584
6	-1.345
7	-0.742
8	-2.245
9	-1.66
10	0.1976
6	0.2322
7	-0.312
8	0.1044
9	0.9112
10	0.2084
6	-2.591
7	-3.071
8	-3.08
9	-3.572
10	-3.603
6	-0.9945
7	-0.3135
8	-0.246
9	-0.3984
10	-0.1953
6	-1.009
7	-0.7754
8	-1.108
9	-0.6122
10	0.03862
6	-1.337
7	-0.6193
8	-0.7608
9	-1.232
10	-0.4953
6	-0.9345
7	-1.074
8	-0.5913
9	-1.137
10	-0.06457
6	-1.342
7	-1.026
8	-0.485
9	-0.6129
10	-0.3384
6	-1.213
7	-0.9238
8	-0.5843
9	-1.049
10	-0.5665
6	4.512
7	3.088
8	2.959
9	1.826
10	3.409
6	-1.085
7	-1.095
8	-0.2875
9	-0.7314
10	-0.3308
6	-3.537
7	-1.171
8	-3.946
9	-3.418
10	-0.8747
6	1.557
7	4.022
8	3.236
9	4.506
10	3.628
6	1.539
7	2.872
8	3.191
9	1.827
10	4.244
6	-5.092
7	-2.11
8	-1.385
9	-2.049
10	-1.026
6	-0.4002
7	-0.5691
8	-0.4948
9	-0.1712
10	-0.8087
6	1.969
7	2.732
8	2.403
9	1.388
10	1.646
6	6.425
7	1.108
8	3.985
9	2.356
10	1.184
6	-0.03494
7	-0.7735
8	-0.248
9	-0.3146
10	-0.8088
6	1.081
7	0.4664
8	1.2
9	0.9419
10	0.5854
6	-0.6346
7	-0.3739
8	-0.5324
9	-0.7733
10	-0.7233
6	-0.9914
7	-1.422
8	-1.208
9	-1.259
10	-1.076
6	-0.608
7	-0.6441
8	-0.6117
9	-0.2393
10	-0.5651
6	-0.1719
7	-0.3679
8	-0.5079
9	-0.2763
10	-0.9401
6	2.988
7	1.099
8	5.717
9	1.902
10	3.266
6	-1.456
7	-1.349
8	-1.258
9	-1.282
10	-1.036
6	2.446
7	2.237
8	3.637
9	1.325
10	2.088
6	-1.92
7	-1.31
8	-0.8958
9	-1.492
10	-1.4
6	-1.376
7	-0.8712
8	-0.4893
9	-0.5545
10	-0.2863
6	-4.333
7	-4.523
8	-5.01
9	-2.904
10	-2.368
6	-0.9584
7	-0.6939
8	-0.2713
9	-0.9057
10	-0.7089
6	-1.409
7	-0.4095
8	-0.3899
9	-0.5186
10	-0.2575
6	-1.312
7	-0.664
8	-0.4412
9	-0.6507
10	-0.04579
6	-1.139
7	-0.8439
8	-0.1812
9	-0.3569
10	-0.495
6	-1.278
7	-0.7124
8	-0.1763
9	-0.9056
10	-0.6733
6	1.761
7	4.952
8	2.888
9	3.053
10	2.725
6	1.964
7	2.028
8	2.142
9	3.774
10	1.956
6	1.39
7	1.773
8	1.262
9	1.407
10	1.077
6	-0.5
7	-0.7516
8	-0.4513
9	-0.6043
10	-0.6655
6	-1.465
7	-1.718
8	-1.087
9	-3.079
10	-3.443
6	-1.307
7	-2.625
8	-2.672
9	-1.726
10	-4.359
6	0.3191
7	0.4614
8	0.00732
9	-0.009393
10	-0.05315
6	-1.482
7	-1.379
8	-4.315
9	-1.645
10	-1.56
6	3.136
7	2.019
8	3.303
9	2.523
10	2.164
6	-2.695
7	-1.823
8	-2.367
9	-3.044
10	-1.856
6	2.284
7	4.967
8	3.41
9	1.611
10	2.656
6	-0.2151
7	0.3637
8	-0.09494
9	0.003273
10	0.6321
6	4.026
7	2.332
8	3.632
9	2.414
10	2.674
6	4.047
7	2.319
8	2.356
9	2.623
10	3.092
6	-0.7592
7	-0.7373
8	-1.12
9	-0.953
10	-0.5911
6	-2.288
7	-4.34
8	-2.107
9	-2.027
10	-1.371
6	-2.993
7	-1.654
8	-2.371
9	-1.514
10	-1.116
6	-2.76
7	-5.815
8	-1.956
9	-1.427
10	-1.129
6	-2.539
7	-1.358
8	-3.998
9	-1.864
10	-2.765
6	-4.082
7	-2.532
8	-1.022
9	-1.824
10	-1.385
6	-1.603
7	-3.663
8	-2.266
9	-2.644
10	-2.792
6	-0.8107
7	-1.351
8	-0.9366
9	-0.9406
10	-1.791
6	-0.8683
7	-1.18
8	-1.312
9	-1.478
10	-1.241
6	-0.7216
7	-0.4809
8	-0.3446
9	-0.1959
10	-0.6446
6	-3.972
7	-2.683
8	-3.055
9	-2.239
10	-3.195
6	-0.56
7	-0.7708
8	-0.5243
9	-0.8219
10	-1.001
6	-0.2766
7	-0.4386
8	-0.3281
9	-0.4541
10	-0.9457
6	1.352
7	1.331
8	3.478
9	2.011
10	1.77
6	-0.5478
7	-0.3696
8	-0.1917
9	-0.544
10	-0.5825
6	-0.2079
7	-0.3663
8	-0.3003
9	-0.4968
10	-0.7837
6	-1.058
7	-0.5979
8	-0.1606
9	-0.3472
10	-0.4063
6	-2.43
7	-3.664
8	-1.628
9	-1.893
10	-1.959
6	-0.9115
7	-0.5941
8	-0.322
9	-1.015
10	-0.1716
6	-1.819
7	-1.15
8	-1.29
9	-1.671
10	-0.95
6	-1.811
7	-1.38
8	-1.136
9	-1.593
10	-1.04
6	0.6682
7	1.477
8	2.211
9	2.046
10	5.122
6	-0.286
7	-0.1509
8	0.05836
9	-0.04451
10	0.06453
6	-2.043
7	-0.9566
8	-1.121
9	-1.155
10	-1.367
6	1.678
7	1.979
8	2.507
9	1.601
10	3.548
6	2.214
7	1.384
8	3.86
9	1.147
10	3.447
6	-3.254
7	-2.111
8	-1.166
9	-3.612
10	-2.85
6	-0.6198
7	-0.2406
8	-0.5335
9	-0.3606
10	-0.4469
6	3.891
7	4.172
8	4.593
9	2.557
10	2.286
6	-3.128
7	-4.482
8	-0.9245
9	-1.293
10	-1.957
6	-1.231
7	-2.564
8	-3.003
9	-3.113
10	-1.213
6	3.41
7	3.525
8	2.458
9	2.237
10	1.887
6	2.672
7	4.154
8	2.196
9	3.275
10	2.062
6	3.844
7	2.149
8	2.501
9	2.978
10	3.684
6	1.047
7	1.765
8	1.695
9	1.092
10	1.218
6	3.335
7	2.394
8	3.481
9	2.588
10	2.051
6	2.194
7	3.87
8	2.584
9	1.824
10	2.409
6	3.608
7	3.512
8	2.408
9	2.027
10	3.545
6	1.8
7	4.918
8	2.142
9	1.578
10	2.288
6	-0.7552
7	-0.4404
8	-1.067
9	-0.9733
10	-0.09405
6	-0.8957
7	-0.2129
8	-0.9579
9	-0.6075
10	-0.0926
6	-0.9816
7	-0.7387
8	-0.3833
9	-0.3252
10	0.06716
6	-0.5051
7	-1.066
8	0.15
9	-0.6373
10	0.182
6	-0.7776
7	-0.5684
8	0.07514
9	-0.7041
10	0.293
6	-0.629
7	-1.125
8	-0.2342
9	-0.3728
10	0.2601
6	-0.7701
7	-1.065
8	-0.3329
9	-0.3844
10	0.1397
6	4.64
7	4.723
8	2.8
9	1.944
10	1.977
6	-0.6922
7	-1.089
8	-0.9671
9	-0.6211
10	-0.8213
6	0.04538
7	-0.9952
8	-0.4595
9	-0.1191
10	-0.2087
6	0.1056
7	-0.8254
8	0.1386
9	-0.09085
10	-0.227
6	-0.6291
7	-1.238
8	-0.8768
9	-0.632
10	-0.772
6	-1.019
7	-1.444
8	-0.7629
9	-1.007
10	-0.7591
6	0.1302
7	-0.4803
8	0.04843
9	0.02237
10	-0.4873
6	0.03706
7	-0.4275
8	-0.3245
9	0.001693
10	-0.2474
6	-1.126
7	-1.59
8	-1.014
9	-0.9828
10	-0.8359
6	-0.3321
7	-0.8149
8	0.1634
9	-0.09431
10	-0.3438
6	-0.9125
7	-0.9927
8	0.0438
9	-0.5222
10	0.04763
6	2.333
7	1.158
8	3.173
9	3.804
10	2.055
6	-0.7896
7	-0.8077
8	0.2215
9	-0.5537
10	-0.2868
6	0.5486
7	0.8698
8	1.35
9	1.202
10	1.068
6	-1.205
7	-0.8108
8	0.125
9	-0.09221
10	0.2897
6	0.3519
7	-0.1093
8	0.7077
9	0.2499
10	0.2143
6	0.185
7	-0.006582
8	0.2023
9	0.3966
10	0.1228
6	-0.3492
7	-0.361
8	-0.427
9	-0.546
10	-0.6565
6	-1.587
7	-1.033
8	-0.7539
9	-1.439
10	-1.299
6	-0.1229
7	0.4706
8	0.1329
9	0.414
10	0.6194
6	-1.224
7	-4.718
8	-3.225
9	-1.107
10	-1.171
6	0.1623
7	0.1866
8	0.263
9	0.09937
10	0.5287
6	-1.547
7	-3.088
8	-1.799
9	-1.64
10	-1.944
6	-2.337
7	-1.861
8	-3.396
9	-0.7277
10	-2.529
6	-5.139
7	-1.961
8	-1.903
9	-1.731
10	-3.855
6	-0.6974
7	-0.9173
8	-0.6991
9	-0.9016
10	0.1461
6	-0.5142
7	-0.5036
8	-0.5579
9	-0.4293
10	0.2625
6	-1.409
7	-2.494
8	-2.383
9	-4.014
10	-1.951
6	-0.6811
7	-0.6994
8	-0.8547
9	-0.2173
10	-0.2874
6	-1.202
7	-2.047
8	-1.079
9	-2.257
10	-1.637
6	-0.376
7	-0.5202
8	-0.869
9	-0.2585
10	-0.1857
6	0.1708
7	-0.1062
8	0.4085
9	0.06876
10	0.3668
6	0.1145
7	-0.161
8	0.03046
9	0.1428
10	0.9256
6	-0.2241
7	-0.311
8	-0.2761
9	-0.8416
10	-0.3042
6	-2.833
7	-1.74
8	-3.214
9	-1.41
10	-2.118
6	-1.28
7	-1.363
8	-0.2632
9	-1.539
10	-0.4142
6	1.262
7	1.215
8	1.204
9	0.6742
10	2.1
6	1.169
7	0.5812
8	1.555
9	0.4368
10	1.89
6	3.635
7	3.288
8	2.733
9	1.311
10	2.223
6	0.8701
7	1.202
8	1.692
9	0.9706
10	2.007
6	0.8974
7	0.5491
8	1.118
9	0.7464
10	0.4611
6	-0.5301
7	-1.414
8	-0.2826
9	-1.119
10	-0.8547
6	2.529
7	3.775
8	2.018
9	1.659
10	2.586
6	1.513
7	1.449
8	1.493
9	1.21
10	1.33
6	-0.05577
7	-1.015
8	-0.7739
9	-0.6474
10	-0.432
6	1.054
7	0.4392
8	1.025
9	0.6258
10	0.432
6	1.126
7	0.2003
8	1.127
9	0.7407
10	0.9629
6	2.086
7	1.975
8	3.937
9	1.663
10	1.223
6	2.02
7	1.788
8	1.955
9	4.016
10	3.124
6	3.787
7	1.267
8	4.333
9	0.913
10	3.049
6	2.638
7	1.64
8	3.613
9	0.7737
10	1.548
6	-2.422
7	-2.481
8	-2.0
9	-4.502
10	-2.228
6	3.079
7	1.699
8	2.348
9	1.259
10	1.921
6	0.805
7	2.762
8	2.874
9	1.782
10	1.823
6	1.093
7	0.7862
8	4.221
9	0.8258
10	1.611
6	0.42
7	0.6849
8	0.6652
9	0.022
10	0.9416
6	-0.7379
7	0.01227
8	0.3829
9	-0.5424
10	0.5486
6	-0.3855
7	-0.2895
8	0.1084
9	-0.6549
10	0.4335
6	-0.09386
7	-0.5219
8	0.1304
9	-0.1772
10	0.7109
6	-1.207
7	-0.9226
8	-0.3142
9	-0.9714
10	-0.5687
6	-0.778
7	-0.9438
8	-0.364
9	-0.818
10	-0.3282
6	-1.252
7	-1.812
8	-1.08
9	-3.128
10	-1.846
6	-1.369
7	-3.567
8	-1.743
9	-1.954
10	-1.59
6	-1.416
7	-1.528
8	-2.234
9	-4.495
10	-1.841
6	-2.635
7	-2.369
8	-1.287
9	-1.609
10	-2.74
6	2.655
7	2.453
8	3.455
9	1.388
10	1.839
6	2.934
7	2.933
8	2.755
9	1.712
10	2.125
6	2.444
7	2.962
8	3.074
9	2.006
10	2.295
6	1.724
7	5.636
8	2.108
9	1.902
10	2.51
6	-1.733
7	-2.337
8	-1.136
9	-1.709
10	-3.66
6	-1.689
7	-1.986
8	-2.39
9	-4.01
10	-5.098
6	-0.7998
7	-0.9295
8	-1.104
9	-1.074
10	-0.6243
6	-2.02
7	-1.632
8	-3.48
9	-1.764
10	-2.581
6	-2.042
7	-3.462
8	-4.562
9	-2.47
10	-1.179
6	-0.8368
7	-1.295
8	-1.002
9	-1.125
10	-0.5948
6	-1.913
7	-3.647
8	-2.623
9	-2.655
10	-5.803
6	-0.8186
7	-0.7755
8	-0.896
9	-1.009
10	-0.2044
6	-1.653
7	-2.524
8	-2.332
9	-2.033
10	-0.8397
6	-0.7524
7	-0.9907
8	-1.165
9	-1.355
10	-0.2215
6	-2.927
7	-2.255
8	-2.544
9	-2.882
10	-3.571
6	0.1686
7	-0.158
8	0.9189
9	-0.02629
10	0.602
6	-1.451
7	-1.272
8	-0.8612
9	-1.452
10	-2.329
6	1.316
7	1.244
8	2.243
9	1.57
10	1.868
6	-0.287
7	-0.3548
8	0.2619
9	-0.1331
10	0.4857
6	-2.161
7	-3.332
8	-4.489
9	-1.315
10	-2.104
6	0.2574
7	0.06791
8	0.6898
9	0.5194
10	0.241
6	-0.3832
7	-0.4333
8	-0.399
9	0.1303
10	-0.4672
6	0.1871
7	-0.3084
8	0.7301
9	0.7142
10	0.3482
6	-1.466
7	-4.135
8	-1.598
9	-3.526
10	-3.329
6	0.2353
7	-0.1629
8	0.593
9	0.5547
10	0.2162
6	-0.7059
7	-1.695
8	-0.6772
9	-1.051
10	-1.112
6	-1.142
7	-1.162
8	-0.4106
9	-0.5922
10	-1.526
6	-0.2204
7	-0.7168
8	-0.3797
9	0.2545
10	-0.3109
6	-0.7475
7	-1.051
8	-0.8272
9	-0.7685
10	-1.279
6	-0.1722
7	-1.018
8	0.04445
9	-0.3354
10	-0.2686
6	0.3728
7	0.8242
8	1.396
9	1.212
10	1.017
6	-2.039
7	-1.893
8	-2.054
9	-2.595
10	-1.753
6	0.7435
7	0.637
8	1.346
9	1.261
10	1.159
6	-2.067
7	-2.13
8	-1.259
9	-1.423
10	-1.66
6	-1.887
7	-1.448
8	-0.3731
9	-0.7897
10	-0.9514
6	-1.946
7	-0.9881
8	-0.7424
9	-1.209
10	-0.8692
6	1.889
7	1.635
8	2.835
9	1.81
10	2.234
6	-1.935
7	-1.138
8	-1.013
9	-1.142
10	-1.194
6	-2.122
7	-2.031
8	-4.867
9	-1.985
10	-1.835
6	3.848
7	2.116
8	2.332
9	1.611
10	2.058
6	-0.8818
7	-0.6332
8	-0.2348
9	-0.4362
10	-0.9428
6	-0.124
7	-0.03116
8	0.5765
9	0.1761
10	-0.1005
6	0.1135
7	0.5115
8	0.612
9	0.1737
10	0.1552
6	1.079
7	0.992
8	1.503
9	1.035
10	1.044
6	-0.6733
7	-0.429
8	-0.3035
9	0.07489
10	-0.8792
6	-1.043
7	-2.165
8	-2.474
9	-1.043
10	-1.702
6	-1.45
7	-1.328
8	-1.697
9	-0.8638
10	-0.953
6	-1.548
7	-1.309
8	-1.014
9	-1.725
10	-2.064
6	-0.5487
7	-0.6282
8	-0.2506
9	-0.5798
10	-0.4397
6	-2.923
7	-2.527
8	-0.9874
9	-1.632
10	-5.735
6	-0.4702
7	-0.5799
8	-0.3711
9	-0.5458
10	-0.04674
6	-0.893
7	-1.256
8	-1.854
9	-2.314
10	-3.264
6	-1.151
7	-1.004
8	-4.722
9	-3.785
10	-1.128
6	2.842
7	2.515
8	2.416
9	2.419
10	2.322
6	0.01221
7	0.02032
8	0.3265
9	0.4763
10	0.4939
6	0.3363
7	-0.1013
8	0.19
9	0.03445
10	0.1665
6	-1.279
7	-1.343
8	-2.503
9	-0.9641
10	-0.725
6	-0.4607
7	-0.6644
8	-0.655
9	-0.8581
10	-0.3743
6	-0.2877
7	-0.2341
8	-0.5572
9	-0.6817
10	0.0122
6	0.1377
7	-0.2059
8	0.141
9	0.4796
10	0.4533
6	0.2934
7	0.05276
8	0.02107
9	-0.2163
10	1.086
6	-0.156
7	-0.1828
8	0.5133
9	-0.3643
10	1.217
6	0.2299
7	-0.3067
8	-0.009118
9	-0.2369
10	0.9004
6	0.08721
7	0.3419
8	0.3146
9	0.1529
10	0.993
6	0.04324
7	0.1544
8	0.5433
9	-0.05473
10	1.207
6	-0.8955
7	-1.227
8	-1.436
9	-1.085
10	-0.462
6	-1.902
7	-1.638
8	-1.813
9	-3.362
10	-2.407
6	-0.8568
7	-1.249
8	-1.445
9	-1.185
10	-0.89
6	-0.76
7	-1.31
8	-1.341
9	-0.8321
10	-0.3709
6	1.671
7	0.4784
8	1.074
9	1.208
10	1.147
6	-0.396
7	-1.095
8	-1.006
9	-1.087
10	-0.9001
6	-1.566
7	-2.856
8	-1.571
9	-1.47
10	-2.499
6	-0.2816
7	-0.2873
8	-0.4142
9	-0.4541
10	-0.19
6	-0.7006
7	-0.9144
8	-0.8043
9	-0.6837
10	-0.8012
6	-0.6238
7	-0.9845
8	-0.8518
9	-0.6829
10	-0.476
6	-1.464
7	-1.174
8	-1.299
9	-1.377
10	-0.4288
6	-1.504
7	-1.52
8	-0.9731
9	-0.9851
10	-0.3064
6	5.758
7	1.311
8	1.481
9	1.525
10	5.06
6	-1.2
7	-1.485
8	-0.7911
9	-1.101
10	-0.645
6	-1.404
7	-1.515
8	-1.182
9	-1.336
10	-0.2854
6	-1.343
7	-0.881
8	-0.7746
9	-1.381
10	-0.06089
6	-0.2414
7	0.4227
8	0.1588
9	0.268
10	0.7739
6	-1.122
7	-1.182
8	-0.9743
9	-1.488
10	-0.0833
6	-0.5777
7	-0.1922
8	-0.04944
9	-0.5371
10	0.07206
6	-1.592
7	-1.326
8	-1.013
9	-1.169
10	-0.08163
6	-1.546
7	-3.704
8	-2.191
9	-3.046
10	-0.4168
6	-1.177
7	-1.841
8	-2.86
9	-2.169
10	-0.5204
6	-2.322
7	-1.096
8	-1.965
9	-2.058
10	-0.9856
6	-1.075
7	-3.811
8	-1.992
9	-3.307
10	-4.282
6	-2.751
7	-1.812
8	-1.776
9	-0.9197
10	-3.914
6	-1.612
7	-4.227
8	-2.016
9	-1.178
10	-1.881
6	0.5868
7	0.4105
8	0.3068
9	0.2956
10	1.006
6	-1.199
7	-0.8211
8	-0.9513
9	-1.278
10	-1.041
6	-1.85
7	-0.9913
8	-3.096
9	-3.48
10	-3.103
6	-0.2551
7	-0.08403
8	-0.6189
9	-0.226
10	-0.3117
6	-0.6408
7	-1.315
8	-4.127
9	-3.217
10	-0.2747
6	7.061
7	3.109
8	1.823
9	2.355
10	3.732
6	2.805
7	2.954
8	1.743
9	4.127
10	3.751
6	-2.464
7	-1.237
8	-1.514
9	-3.328
10	-3.68
6	-1.419
7	-0.9131
8	-1.513
9	-3.91
10	-0.9353
6	1.209
7	1.072
8	0.6945
9	0.9543
10	1.768
6	-3.036
7	-0.9818
8	-1.576
9	-3.137
10	-3.777
6	-2.607
7	-2.902
8	-2.887
9	-3.958
10	-1.337
6	0.01502
7	-0.4801
8	-0.6738
9	-0.9596
10	0.6646
6	-1.886
7	-2.598
8	-2.519
9	-2.973
10	-2.681
6	-2.228
7	-2.208
8	-3.608
9	-2.288
10	-2.383
6	-2.62
7	-2.647
8	-2.437
9	-3.724
10	-1.279
6	-3.406
7	-1.961
8	-1.479
9	-2.13
10	-1.994
6	-4.344
7	-3.698
8	-1.224
9	-3.649
10	-2.121
6	-0.3723
7	-1.495
8	-0.7295
9	-0.3245
10	-1.233
6	-0.2241
7	-1.067
8	-0.6939
9	-0.8516
10	-1.204
6	2.192
7	0.5477
8	1.626
9	3.115
10	4.109
6	-0.1218
7	-1.261
8	-0.8159
9	-0.2917
10	-0.704
6	2.794
7	3.642
8	1.017
9	1.431
10	1.166
6	2.143
7	2.545
8	1.444
9	1.195
10	0.7807
6	3.465
7	1.39
8	2.692
9	2.025
10	2.529
6	2.962
7	1.098
8	1.014
9	3.297
10	3.406
6	-0.1325
7	-1.176
8	-0.4336
9	-0.5335
10	-0.9999
6	-0.3305
7	-1.411
8	-0.8945
9	-0.3076
10	-1.257
6	1.802
7	1.44
8	1.941
9	1.729
10	1.147
6	0.2557
7	0.2615
8	0.9882
9	0.4787
10	0.6588
6	-1.754
7	-1.907
8	-1.35
9	-1.349
10	-1.531
6	0.5087
7	0.2084
8	0.5665
9	0.4005
10	0.584
6	0.7249
7	2.1
8	2.47
9	1.584
10	3.074
6	-1.971
7	-1.607
8	-1.177
9	-1.192
10	-1.039
6	2.746
7	1.048
8	2.545
9	1.398
10	1.653
6	1.493
7	2.89
8	1.93
9	2.556
10	2.34
6	3.332
7	1.95
8	1.12
9	2.702
10	2.29
6	0.7923
7	4.04
8	1.201
9	2.095
10	1.784
6	0.1796
7	-0.3157
8	-0.2173
9	0.02354
10	-0.03747
6	1.784
7	1.885
8	3.141
9	4.696
10	1.8
6	1.875
7	1.762
8	3.891
9	2.187
10	3.188
6	2.135
7	2.496
8	4.445
9	3.164
10	3.112
6	3.5
7	1.684
8	2.201
9	3.322
10	4.672
6	-0.5414
7	-1.07
8	-0.7388
9	-0.9093
10	-0.9405
6	2.681
7	5.644
8	3.35
9	4.566
10	1.902
6	0.8774
7	0.2368
8	0.4239
9	0.399
10	0.5634
6	1.482
7	1.029
8	0.9478
9	1.263
10	1.1
6	-0.5704
7	-0.8994
8	-0.9268
9	-0.5066
10	-0.7168
6	0.1902
7	-0.3615
8	-0.3476
9	-0.5007
10	0.04425
6	-0.7544
7	-1.174
8	-0.9128
9	-1.173
10	-0.479
6	-2.423
7	-2.619
8	-2.177
9	-4.181
10	-3.504
6	4.429
7	2.398
8	1.444
9	2.186
10	2.487
6	-0.1191
7	-0.6967
8	-0.6292
9	-0.08964
10	0.1285
6	2.781
7	1.764
8	1.882
9	2.855
10	1.97
6	1.65
7	0.8354
8	0.6115
9	1.221
10	1.253
6	-4.733
7	-3.94
8	-2.859
9	-1.554
10	-2.73
6	1.327
7	1.253
8	1.232
9	0.8166
10	1.429
6	0.3651
7	-0.2938
8	-0.278
9	-0.251
10	-0.1305
6	2.569
7	1.436
8	2.428
9	3.379
10	1.575
6	4.267
7	4.384
8	2.197
9	1.759
10	1.925
6	6.89
7	1.97
8	1.452
9	2.184
10	2.531
6	2.337
7	1.454
8	1.599
9	2.32
10	2.593
6	1.477
7	4.007
8	2.23
9	1.95
10	3.483
6	1.665
7	1.209
8	2.595
9	3.736
10	0.592
6	-1.38
7	-1.978
8	-1.324
9	-0.8178
10	-2.367
6	3.282
7	1.294
8	1.27
9	5.436
10	0.9307
6	-0.8334
7	-1.703
8	-1.451
9	-0.9941
10	-2.238
6	2.583
7	0.6588
8	1.245
9	2.289
10	2.243
6	1.116
7	0.3185
8	0.5862
9	0.6625
10	0.08237
6	3.559
7	0.7992
8	1.489
9	3.243
10	3.241
6	2.981
7	1.082
8	2.266
9	4.336
10	1.131
6	-1.853
7	-3.595
8	-2.256
9	-1.937
10	-2.905
6	2.444
7	1.68
8	1.695
9	4.244
10	2.563
6	-1.26
7	-1.134
8	-1.121
9	-0.604
10	-1.456
6	2.65
7	1.092
8	2.227
9	4.946
10	1.642
6	-0.985
7	-0.8879
8	-0.5585
9	-0.6232
10	-0.9516
6	1.774
7	1.6
8	1.08
9	1.442
10	1.493
6	6.82
7	1.531
8	2.303
9	1.659
10	4.817
6	0.5832
7	2.124
8	2.102
9	2.872
10	3.022
6	-1.767
7	-1.786
8	-1.403
9	-0.9267
10	-2.234
6	-4.091
7	-2.453
8	-2.371
9	-2.298
10	-3.392
6	-1.926
7	-1.591
8	-1.41
9	-1.297
10	-1.877
6	-3.975
7	-4.007
8	-3.894
9	-1.958
10	-3.208
6	3.137
7	1.937
8	1.602
9	2.788
10	3.434
6	2.326
7	3.067
8	3.287
9	1.934
10	3.17
6	1.38
7	0.8573
8	1.253
9	1.627
10	0.7895
6	1.504
7	1.347
8	0.8633
9	1.242
10	0.6494
6	1.398
7	1.29
8	0.7287
9	1.45
10	0.6637
6	-0.5762
7	-1.113
8	-1.346
9	-0.4803
10	-1.676
6	-0.6046
7	-0.9792
8	-1.43
9	-0.8997
10	-1.884
6	-1.052
7	-0.6687
8	-1.081
9	-0.5768
10	-1.263
6	-0.9143
7	-0.7389
8	-1.018
9	-0.5264
10	-1.858
6	-1.87
7	-1.577
8	-3.757
9	-1.401
10	-2.189
6	1.546
7	0.9181
8	0.3951
9	1.105
10	0.7448
6	1.428
7	0.8199
8	0.6159
9	0.9143
10	0.56
6	0.2186
7	-0.5582
8	-1.039
9	0.0676
10	-0.3252
6	0.5388
7	0.3728
8	-0.2918
9	0.507
10	0.2615
6	2.542
7	4.245
8	1.256
9	1.626
10	4.815
6	-0.344
7	-1.142
8	-1.16
9	-0.8558
10	-1.535
6	-1.177
7	-2.516
8	-4.966
9	-2.847
10	-1.925
6	1.597
7	1.176
8	0.5754
9	1.269
10	1.055
6	-1.207
7	-2.135
8	-2.043
9	-1.36
10	-2.92
6	3.22
7	2.736
8	3.563
9	1.64
10	1.33
6	1.544
7	3.064
8	3.017
9	1.469
10	2.744
6	2.37
7	1.829
8	4.464
9	4.461
10	2.392
6	4.092
7	2.932
8	2.32
9	3.644
10	2.685
6	3.1
7	2.064
8	2.648
9	2.457
10	2.391
6	3.237
7	2.208
8	3.042
9	2.011
10	2.688
6	-1.384
7	-1.765
8	-0.6235
9	-1.035
10	-1.766
6	1.771
7	1.124
8	2.373
9	1.786
10	3.112
6	-3.097
7	-3.45
8	-4.056
9	-2.631
10	-3.21
6	4.403
7	3.33
8	2.374
9	3.349
10	1.378
6	3.679
7	1.329
8	4.538
9	2.628
10	1.737
6	4.994
7	1.147
8	2.471
9	2.201
10	5.609
6	-1.101
7	-1.533
8	-0.6332
9	-1.131
10	-1.807
6	-0.9457
7	-1.856
8	-0.8577
9	-0.8908
10	-1.852
6	0.302
7	0.1577
8	0.3179
9	0.322
10	-0.03427
6	-0.9937
7	-1.251
8	-0.9721
9	-1.288
10	-2.032
6	-3.218
7	-4.232
8	-3.322
9	-2.728
10	-1.82
6	0.1187
7	0.6416
8	0.9008
9	0.9717
10	0.4163
6	1.11
7	2.683
8	2.173
9	2.882
10	1.933
6	1.33
7	2.114
8	2.259
9	1.988
10	2.596
6	1.767
7	3.276
8	1.894
9	1.684
10	2.309
6	-2.201
7	-3.564
8	-3.224
9	-4.334
10	-2.389
6	-0.3062
7	-0.1514
8	0.3765
9	-0.3119
10	0.1246
6	-2.637
7	-4.934
8	-2.621
9	-2.617
10	-2.364
6	-2.762
7	-3.185
8	-2.278
9	-4.9
10	-2.525
6	-3.936
7	-3.44
8	-1.243
9	-1.949
10	-3.063
6	1.682
7	2.982
8	3.001
9	2.061
10	4.312
6	-1.37
7	-1.842
8	-0.8899
9	-1.428
10	-1.815
6	3.635
7	1.757
8	2.637
9	1.852
10	2.309
6	1.699
7	3.097
8	2.3
9	2.976
10	1.491
6	1.924
7	2.638
8	3.921
9	2.687
10	2.023
6	-0.4736
7	-0.3819
8	-0.1865
9	-0.6911
10	-1.273
6	1.025
7	1.242
8	1.633
9	1.423
10	1.33
6	1.358
7	1.654
8	1.452
9	1.145
10	0.713
6	-2.514
7	-2.338
8	-2.912
9	-2.648
10	-4.228
6	1.559
7	1.085
8	1.945
9	1.043
10	1.166
6	3.272
7	3.11
8	3.061
9	6.235
10	3.583
6	-2.427
7	-1.676
8	-1.582
9	-2.899
10	-2.952
6	-0.2682
7	0.2484
8	0.2631
9	-0.1903
10	-0.04171
6	-3.732
7	-2.833
8	-2.197
9	-2.218
10	-1.688
6	1.352
7	0.09475
8	2.007
9	1.133
10	-1.105
6	0.9266
7	0.305
8	1.981
9	1.04
10	-0.4593
6	1.298
7	0.3323
8	1.665
9	1.018
10	-1.031
6	1.365
7	0.3145
8	1.727
9	0.6243
10	-0.5566
6	0.9322
7	0.3754
8	1.589
9	0.9652
10	-0.6667
6	0.8106
7	0.5022
8	1.999
9	0.6549
10	-0.8117
6	1.362
7	0.4543
8	1.977
9	0.8241
10	-0.8122
6	1.309
7	0.3863
8	1.824
9	0.9244
10	-0.9972
6	2.079
7	1.309
8	2.332
9	1.622
10	-0.3914
6	1.355
7	0.1715
8	1.747
9	0.9319
10	-0.767
6	1.968
7	1.922
8	2.882
9	0.6959
10	0.9504
6	-0.9991
7	-0.9166
8	-1.072
9	-2.58
10	-1.742
6	-1.274
7	-0.8789
8	-1.472
9	-2.301
10	-1.383
6	-2.479
7	-4.536
8	-1.76
9	-4.904
10	-2.122
6	-3.004
7	-2.226
8	-2.297
9	-3.2
10	-1.973
6	2.146
7	2.775
8	1.403
9	4.285
10	1.259
6	-5.056
7	-2.045
8	-1.985
9	-2.919
10	-3.193
6	2.363
7	3.191
8	2.06
9	0.3809
10	3.143
6	2.796
7	2.444
8	2.558
9	5.519
10	2.439
6	-2.234
7	-2.431
8	-2.474
9	-4.043
10	-2.268
6	1.986
7	2.373
8	2.867
9	2.86
10	3.167
6	0.09294
7	-3.544
8	-1.216
9	-1.785
10	-3.259
6	0.5919
7	-1.147
8	0.6105
9	-3.909
10	-0.1663
6	0.8505
7	0.8869
8	-2.701
9	-0.2518
10	1.38
6	-3.262
7	-2.483
8	-0.4068
9	-1.153
10	1.061
6	-2.042
7	0.6929
8	-4.065
9	0.01504
10	0.9373
6	-2.73
7	-3.41
8	1.357
9	-0.378
10	-2.166
6	1.249
7	0.8926
8	-4.754
9	-1.083
10	0.7602
6	-2.351
7	0.9898
8	-2.538
9	0.6604
10	-1.629
6	0.6842
7	-0.2748
8	-0.2319
9	-1.233
10	-0.4624
6	-0.08854
7	-1.121
8	-0.6871
9	-0.6655
10	-0.7574
6	0.5227
7	-0.3974
8	-0.009231
9	-0.07969
10	-0.3216
6	0.8163
7	-0.2065
8	-0.2418
9	-0.6124
10	-0.3683
6	-0.06223
7	-0.7951
8	-0.631
9	-0.9722
10	-1.187
6	0.6422
7	-0.009767
8	-0.4638
9	-0.3784
10	-0.2693
6	0.4461
7	-0.0723
8	-0.1343
9	-0.6573
10	-0.575
6	0.3039
7	-0.879
8	-0.7542
9	-1.247
10	-1.334
6	2.493
7	2.478
8	2.462
9	1.768
10	1.989
6	0.8716
7	-0.2815
8	-0.6079
9	-0.3113
10	-0.3718
6	4.616
7	1.665
8	2.989
9	2.482
10	1.966
6	2.964
7	2.261
8	4.376
9	3.663
10	2.641
6	2.765
7	2.772
8	2.843
9	2.856
10	3.548
6	-0.9034
7	-1.232
8	-0.8983
9	-3.214
10	-3.998
6	3.931
7	2.85
8	3.473
9	3.377
10	1.855
6	2.808
7	3.389
8	4.134
9	2.885
10	3.859
6	-0.1622
7	-3.362
8	-1.137
9	0.4447
10	-4.269
6	-0.6539
7	-2.348
8	-2.163
9	-1.426
10	-2.405
6	-0.1842
7	-3.579
8	0.4491
9	-1.322
10	-3.333
6	-5.131
7	-4.721
8	-1.945
9	-2.631
10	-1.994
6	0.2417
7	-0.26
8	1.482
9	0.6661
10	-0.6332
6	-0.3708
7	0.3455
8	-0.2096
9	-0.8289
10	-0.2781
6	1.162
7	2.427
8	1.81
9	0.9714
10	2.085
6	-0.7048
7	0.5286
8	-0.6132
9	-1.226
10	0.2434
6	-1.408
7	-0.4405
8	-0.7606
9	-2.025
10	-0.4603
6	-0.7918
7	0.5059
8	-0.1282
9	-1.048
10	0.06251
6	2.745
7	2.608
8	1.777
9	0.8017
10	2.806
6	1.954
7	1.997
8	2.569
9	1.552
10	3.182
6	-0.1207
7	1.104
8	0.2766
9	-0.1181
10	0.7362
6	-0.3481
7	0.01114
8	-0.6471
9	-0.9514
10	0.1616
6	-0.5071
7	0.4724
8	0.003315
9	-1.025
10	-0.3022
6	-0.1182
7	0.4609
8	0.3904
9	1.306
10	-0.7812
6	0.7285
7	1.608
8	-1.497
9	-1.058
10	-1.129
6	1.181
7	2.347
8	1.912
9	2.674
10	3.036
6	1.311
7	2.037
8	2.425
9	2.505
10	3.129
6	1.325
7	1.918
8	2.233
9	3.074
10	3.101
6	-0.9197
7	-4.074
8	-2.239
9	-1.418
10	-5.379
6	-0.03662
7	-0.3653
8	-0.5528
9	-0.4455
10	-0.1261
6	2.195
7	1.873
8	1.652
9	1.74
10	1.613
6	-1.06
7	-0.9302
8	-1.548
9	-1.078
10	-3.15
6	1.126
7	0.776
8	0.6527
9	0.8086
10	0.9591
6	-0.4456
7	-0.6911
8	-0.9504
9	-0.1245
10	-0.5571
6	-0.2989
7	-0.6225
8	-0.6697
9	-0.6944
10	-0.5237
6	-0.0828
7	-0.4518
8	-0.5735
9	-0.08903
10	-0.6341
6	1.091
7	1.096
8	0.5664
9	1.163
10	0.7184
6	0.5432
7	0.1935
8	-0.04283
9	0.2235
10	0.3987
6	0.4077
7	0.5985
8	0.6572
9	0.6263
10	-0.1753
6	3.691
7	4.242
8	3.481
9	3.695
10	2.12
6	-0.9099
7	-1.427
8	-0.866
9	-0.6076
10	-2.361
6	-2.477
7	-2.65
8	-2.367
9	-0.7614
10	-2.662
6	-0.3916
7	0.165
8	0.1556
9	-0.456
10	-0.897
6	-0.8353
7	-1.096
8	-1.82
9	-1.365
10	-1.15
6	-2.616
7	-0.4976
8	-1.772
9	-2.677
10	-2.728
6	-2.993
7	-2.071
8	-0.8205
9	-1.933
10	-1.622
6	-2.997
7	-1.67
8	-1.296
9	-0.7305
10	-1.076
6	-2.782
7	-1.718
8	-1.201
9	-1.494
10	-1.174
6	2.051
7	2.018
8	1.972
9	1.923
10	1.972
6	0.173
7	0.1371
8	0.2278
9	0.2411
10	0.2928
