6	-0.1733
7	-0.1388
8	-0.6318
9	-0.5662
10	0.2571
6	-0.8319
7	-0.8462
8	-1.34
9	-0.8801
10	-1.712
6	1.007
7	0.444
8	0.4954
9	0.3948
10	-0.1663
6	-2.587
7	-2.147
8	-2.218
9	-1.99
10	-3.069
6	-0.6806
7	-0.1338
8	0.1528
9	0.3209
10	-1.0
6	0.2948
7	0.1076
8	0.6365
9	0.4092
10	0.4936
6	0.5358
7	0.9088
8	0.4976
9	1.023
10	1.328
6	0.08762
7	0.6321
8	0.4394
9	1.018
10	0.9173
6	0.2423
7	0.3937
8	0.0134
9	0.385
10	0.7382
6	-0.4194
7	-0.6386
8	-0.4153
9	-0.6338
10	-0.8802
6	1613.0
7	1589.0
8	1593.0
9	1583.0
10	1586.0
6	-0.1246
7	-0.531
8	0.2212
9	-0.2246
10	-0.3867
6	0.1164
7	0.2702
8	0.08231
9	0.3897
10	0.4476
6	-0.3318
7	-0.006512
8	0.02418
9	0.3841
10	0.03703
6	-0.1771
7	-0.2449
8	-0.4019
9	-0.2488
10	-0.142
6	-0.4194
7	-0.6386
8	-0.4153
9	-0.6338
10	-0.8802
6	-1.13
7	-1.516
8	-1.751
9	-1.671
10	-1.842
6	0.9499
7	0.5753
8	-0.0541
9	0.2184
10	0.5384
6	-3.092
7	-2.292
8	-2.826
9	-2.172
10	-2.774
6	-1.031
7	-0.5175
8	-0.8809
9	-0.4941
10	-0.8853
6	-0.5928
7	-0.7774
8	-1.047
9	-1.2
10	-0.6231
6	-1.234
7	-0.499
8	-1.322
9	-1.115
10	-0.9914
6	-0.8457
7	-0.5001
8	-1.294
9	-0.9414
10	-0.7977
6	-1.327
7	-0.7463
8	-1.238
9	-0.8047
10	-1.09
6	-0.828
7	-0.4216
8	-1.413
9	-0.5818
10	-1.085
6	5.007
7	3.645
8	2.027
9	4.014
10	2.493
6	-0.9184
7	-0.6732
8	-1.151
9	-0.9893
10	-1.061
6	-2.687
7	-1.501
8	-2.126
9	-2.002
10	-2.121
6	2.532
7	3.544
8	2.142
9	3.091
10	1.915
6	2.125
7	4.267
8	1.625
9	2.956
10	2.545
6	-1.484
7	-0.8487
8	-1.804
9	-2.759
10	-1.524
6	-0.5872
7	-0.4903
8	-0.672
9	-0.4675
10	-1.106
6	3.784
7	1.24
8	1.747
9	2.966
10	1.725
6	2.527
7	1.619
8	4.041
9	5.748
10	0.5645
6	-0.2244
7	-0.3088
8	-0.316
9	-0.5964
10	-1.192
6	0.7539
7	1.028
8	0.7296
9	0.498
10	-0.005992
6	-0.7747
7	-0.6616
8	-0.7367
9	-0.6614
10	-1.289
6	-1.001
7	-1.107
8	-1.527
9	-1.088
10	-1.898
6	-0.5483
7	-0.6238
8	-0.2232
9	-0.8904
10	-1.202
6	-0.8052
7	-0.2615
8	-0.1695
9	-0.9526
10	-0.9411
6	2.192
7	5.885
8	1.968
9	3.497
10	0.9942
6	-0.8169
7	-0.8101
8	-1.049
9	-1.242
10	-1.618
6	3.27
7	3.496
8	1.719
9	1.609
10	2.124
6	-0.5479
7	-0.7993
8	-1.092
9	-1.44
10	-1.23
6	-0.2507
7	-0.5025
8	-0.5527
9	-0.9478
10	-0.4548
6	-1.4
7	-2.686
8	-1.579
9	-1.883
10	-2.541
6	0.1641
7	-0.3541
8	-0.3995
9	-0.7499
10	-0.9168
6	-0.0469
7	-0.39
8	-0.6199
9	-0.7977
10	-0.4826
6	-0.3455
7	-0.1156
8	-0.741
9	-0.8082
10	-0.6504
6	0.1926
7	-0.4851
8	-0.1508
9	-0.5488
10	-0.6999
6	0.05863
7	-0.4862
8	-0.3573
9	-0.5658
10	-0.6945
6	2.52
7	3.908
8	3.651
9	1.743
10	2.71
6	2.289
7	3.642
8	2.788
9	1.972
10	1.653
6	1.417
7	1.147
8	1.21
9	1.326
10	0.9178
6	-0.9939
7	-1.06
8	-0.4258
9	-0.8204
10	-1.002
6	-2.388
7	-2.362
8	-1.93
9	-2.804
10	-2.562
6	-1.777
7	-3.133
8	-1.824
9	-2.875
10	-2.391
6	0.09197
7	-0.2017
8	0.1351
9	0.03072
10	-0.8265
6	-1.974
7	-1.826
8	-1.426
9	-3.706
10	-1.982
6	2.674
7	6.492
8	2.391
9	4.592
10	2.107
6	-3.245
7	-2.102
8	-2.665
9	-1.834
10	-1.653
6	2.274
7	3.448
8	2.059
9	3.767
10	2.292
6	0.2268
7	0.376
8	-0.1197
9	-0.0324
10	0.3979
6	2.744
7	2.33
8	2.217
9	2.401
10	2.229
6	3.225
7	3.026
8	2.487
9	4.962
10	5.425
6	-0.9153
7	-0.1794
8	-0.9202
9	-0.2057
10	-0.5768
6	-2.031
7	-2.993
8	-2.032
9	-1.764
10	-2.048
6	-1.583
7	-1.261
8	-1.734
9	-2.42
10	-3.284
6	-1.702
7	-2.226
8	-1.827
9	-1.46
10	-1.329
6	-2.717
7	-1.524
8	-1.735
9	-1.035
10	-1.341
6	-3.223
7	-2.536
8	-2.366
9	-3.695
10	-2.373
6	-1.948
7	-1.937
8	-4.783
9	-1.549
10	-2.899
6	-1.381
7	-1.367
8	-0.9203
9	-1.057
10	-1.48
6	-1.444
7	-1.409
8	-1.26
9	-1.06
10	-2.091
6	-0.4395
7	-0.4799
8	-0.3251
9	-0.5273
10	-1.106
6	-2.287
7	-2.567
8	-2.032
9	-2.989
10	-3.45
6	-0.7475
7	-0.6852
8	-0.7376
9	-0.636
10	-1.192
6	-0.7271
7	-0.705
8	-0.1972
9	-0.6549
10	-1.321
6	2.878
7	2.722
8	1.738
9	2.626
10	3.084
6	-0.2714
7	-0.5063
8	-0.3743
9	-0.3172
10	-0.8833
6	-0.2052
7	-0.5036
8	-0.6213
9	-0.8153
10	-1.124
6	-0.1922
7	-0.2575
8	-0.1109
9	-0.2863
10	-0.8233
6	-3.745
7	-2.25
8	-1.784
9	-2.663
10	-1.898
6	-0.1365
7	-0.5697
8	-0.5357
9	-0.8312
10	-0.8107
6	-0.4624
7	-0.788
8	-1.216
9	-0.93
10	-1.429
6	-0.6467
7	-0.8771
8	-1.097
9	-0.9402
10	-1.037
6	3.333
7	3.223
8	2.318
9	2.44
10	1.217
6	0.9459
7	0.05444
8	0.2062
9	0.4745
10	-0.07181
6	-0.8168
7	-1.324
8	-0.9389
9	-1.236
10	-1.672
6	3.715
7	3.635
8	2.685
9	4.485
10	1.624
6	5.253
7	1.416
8	2.31
9	1.624
10	2.395
6	-4.177
7	-4.212
8	-0.9872
9	-1.292
10	-2.512
6	-0.9053
7	-0.6135
8	-0.6442
9	-0.5161
10	-1.519
6	1.731
7	2.093
8	2.524
9	2.97
10	1.638
6	-2.95
7	-1.992
8	-2.598
9	-1.265
10	-2.616
6	-4.322
7	-1.224
8	-2.454
9	-1.141
10	-1.915
6	3.452
7	1.657
8	1.934
9	3.314
10	2.971
6	2.334
7	2.132
8	3.285
9	3.859
10	2.301
6	2.288
7	1.81
8	1.977
9	3.576
10	1.691
6	1.225
7	0.9236
8	1.289
9	1.717
10	0.7378
6	2.709
7	2.802
8	1.861
9	2.196
10	1.616
6	3.241
7	1.954
8	5.724
9	4.707
10	2.081
6	2.196
7	3.318
8	2.098
9	2.314
10	2.367
6	4.912
7	2.315
8	4.392
9	3.6
10	2.06
6	-0.4343
7	-0.5346
8	-0.3496
9	-0.3916
10	-0.2507
6	-0.7117
7	-0.2536
8	-0.8575
9	0.005994
10	-0.5423
6	-0.7852
7	0.07443
8	-0.7772
9	-0.3331
10	-0.3779
6	-0.4926
7	-0.3854
8	-0.5686
9	-0.1705
10	-0.1357
6	-0.9329
7	-0.04775
8	-0.634
9	-0.1971
10	-0.09132
6	-0.6567
7	0.1529
8	-1.142
9	-0.7114
10	-0.1304
6	-0.4573
7	-0.2217
8	-1.072
9	-0.1257
10	-0.1385
6	1.449
7	3.991
8	3.274
9	1.778
10	2.917
6	-0.7067
7	-0.8056
8	-0.5516
9	-1.074
10	-1.365
6	-0.6185
7	-0.4956
8	-0.02892
9	-0.1734
10	-0.5198
6	-0.0532
7	-0.1912
8	-0.1756
9	-0.1164
10	-0.8666
6	-1.051
7	-0.6962
8	-0.4493
9	-1.099
10	-0.9524
6	-0.8413
7	-0.6291
8	-0.4805
9	-0.8318
10	-1.455
6	-0.4718
7	-0.3019
8	-0.354
9	-0.5601
10	-0.5718
6	-0.4685
7	-0.04713
8	-0.2864
9	-0.0571
10	-0.5509
6	-0.8698
7	-0.5315
8	-0.9692
9	-1.352
10	-1.507
6	-0.2532
7	0.05231
8	-6.447E-4
9	-0.2664
10	-0.303
6	0.3283
7	-0.2359
8	0.1132
9	-0.2291
10	0.1837
6	4.813
7	2.428
8	3.557
9	2.343
10	3.895
6	0.264
7	-0.01056
8	-0.05205
9	-0.07819
10	-0.07582
6	1.295
7	1.43
8	1.654
9	0.6595
10	1.431
6	0.374
7	-0.1134
8	-0.08383
9	-0.2924
10	0.2002
6	-0.186
7	0.5264
8	0.4537
9	-0.08668
10	-0.004026
6	-0.3259
7	0.3894
8	0.4679
9	0.2277
10	-0.1583
6	-0.7568
7	-0.1703
8	0.006867
9	-0.6194
10	-0.9419
6	-2.196
7	-2.006
8	-1.301
9	-2.722
10	-1.692
6	-0.2225
7	0.3453
8	0.3652
9	0.303
10	-0.2847
6	-1.878
7	-2.04
8	-3.571
9	-3.528
10	-2.218
6	-0.3201
7	0.1329
8	0.5178
9	0.501
10	0.2603
6	-4.975
7	-0.8236
8	-1.671
9	-3.509
10	-1.807
6	-2.27
7	-1.943
8	-2.194
9	-3.737
10	-1.132
6	-2.365
7	-5.303
8	-1.287
9	-1.887
10	-2.831
6	-0.3137
7	-0.244
8	-0.3982
9	-0.4024
10	-0.2007
6	-0.4914
7	-0.2806
8	-0.09435
9	0.1069
10	0.3785
6	-3.306
7	-0.7103
8	-1.446
9	-2.133
10	-3.76
6	-0.5156
7	0.3156
8	-0.3298
9	-0.2951
10	-0.103
6	-3.314
7	-0.7405
8	-5.32
9	-1.03
10	-4.183
6	-0.8135
7	-0.05901
8	-0.292
9	-0.1472
10	0.3702
6	-0.06594
7	0.9836
8	0.6571
9	0.7743
10	0.8953
6	0.496
7	0.6596
8	0.6868
9	0.5146
10	0.5948
6	-0.807
7	-0.2286
8	-0.08975
9	-0.1597
10	0.1875
6	-1.831
7	-3.154
8	-2.569
9	-1.477
10	-1.277
6	-1.12
7	-0.4043
8	-1.055
9	-0.6837
10	-1.125
6	0.8608
7	1.408
8	0.6088
9	1.684
10	1.177
6	0.87
7	1.11
8	0.9808
9	1.434
10	1.075
6	3.651
7	3.083
8	2.1
9	3.129
10	1.788
6	0.8537
7	1.24
8	0.7074
9	1.35
10	1.05
6	1.053
7	0.7416
8	0.9709
9	1.174
10	0.424
6	-0.2065
7	-0.7086
8	-0.2075
9	-0.6725
10	-1.04
6	1.589
7	1.917
8	1.435
9	1.472
10	1.157
6	1.498
7	7.037
8	2.455
9	1.297
10	2.296
6	-0.6488
7	-1.107
8	-0.5907
9	-0.8474
10	-1.192
6	1.194
7	0.2752
8	1.26
9	0.8491
10	-0.02208
6	0.8725
7	0.4356
8	1.005
9	0.4955
10	0.6106
6	3.568
7	2.209
8	4.435
9	1.725
10	4.381
6	3.92
7	2.669
8	2.31
9	2.971
10	1.264
6	2.841
7	1.37
8	2.284
9	1.654
10	4.867
6	2.624
7	1.458
8	3.148
9	1.369
10	3.298
6	-3.666
7	-1.761
8	-2.043
9	-3.298
10	-2.094
6	2.299
7	1.626
8	3.054
9	1.843
10	1.892
6	2.28
7	1.695
8	4.456
9	1.991
10	1.445
6	3.421
7	2.49
8	6.089
9	2.113
10	1.156
6	1.394
7	0.6182
8	1.067
9	0.6576
10	0.5831
6	0.7516
7	0.125
8	0.1257
9	0.1569
10	-0.07156
6	0.8764
7	0.01049
8	0.4718
9	-0.1328
10	0.3136
6	0.5504
7	0.1184
8	0.713
9	-0.07897
10	0.2846
6	-0.3521
7	-0.6781
8	-0.4871
9	-0.5622
10	-0.6649
6	-0.6529
7	-0.7145
8	-0.4859
9	-0.8848
10	-1.03
6	-1.431
7	-1.465
8	-2.17
9	-1.068
10	-4.88
6	-1.422
7	-1.948
8	-3.617
9	-1.761
10	-4.876
6	-1.644
7	-2.914
8	-1.081
9	-2.436
10	-2.386
6	-1.641
7	-1.453
8	-2.017
9	-2.331
10	-3.726
6	2.402
7	4.161
8	4.507
9	2.327
10	3.658
6	1.614
7	8.256
8	2.736
9	3.922
10	2.864
6	3.246
7	4.101
8	2.122
9	3.719
10	1.943
6	1.909
7	2.028
8	3.394
9	1.849
10	2.115
6	-2.587
7	-2.729
8	-2.112
9	-2.438
10	-3.715
6	-1.224
7	-4.057
8	-2.803
9	-1.596
10	-1.677
6	-0.4263
7	-0.3184
8	-0.7967
9	-0.247
10	-0.1239
6	-3.752
7	-2.939
8	-0.96
9	-1.24
10	-3.371
6	-1.982
7	-3.822
8	-2.655
9	-0.9002
10	-2.631
6	-0.5821
7	-0.7942
8	-0.8499
9	-0.1511
10	-0.0936
6	-3.267
7	-2.555
8	-2.512
9	-0.9205
10	-1.271
6	-0.7627
7	-0.3162
8	-0.5293
9	0.1021
10	-0.7152
6	-3.151
7	-2.047
8	-1.562
9	-2.338
10	-2.099
6	-0.3899
7	-0.7857
8	-0.2816
9	-0.3446
10	-0.3229
6	-2.379
7	-1.706
8	-1.963
9	-4.922
10	-0.8976
6	-0.3644
7	0.4903
8	-0.4862
9	-0.04107
10	0.1936
6	-3.248
7	-4.375
8	-3.538
9	-1.71
10	-2.156
6	1.445
7	2.067
8	0.8282
9	1.61
10	2.095
6	-0.1158
7	0.4808
8	-0.2411
9	0.1128
10	0.6454
6	-2.301
7	-1.218
8	-1.591
9	-2.559
10	-4.731
6	0.42
7	0.2759
8	0.2698
9	0.2015
10	0.4331
6	-0.1999
7	-0.1311
8	-0.1162
9	-0.3088
10	-0.5007
6	0.3672
7	0.5742
8	0.6052
9	0.07204
10	0.4891
6	-2.12
7	-2.448
8	-1.597
9	-2.21
10	-2.73
6	0.04654
7	0.1372
8	0.2637
9	0.3164
10	0.13
6	-1.306
7	-0.9039
8	-0.8588
9	-1.153
10	-1.232
6	-0.9862
7	-1.114
8	-0.4964
9	-0.9759
10	-0.7435
6	-0.08479
7	-0.2574
8	-0.3795
9	-0.6715
10	-0.3814
6	-1.169
7	-1.386
8	-0.9728
9	-1.248
10	-1.197
6	-0.576
7	-0.3011
8	-0.2845
9	-0.2946
10	-0.003073
6	1.284
7	1.517
8	1.12
9	1.108
10	1.778
6	-4.997
7	-3.266
8	-2.991
9	-2.634
10	-1.181
6	1.2
7	0.9657
8	1.413
9	0.5989
10	1.722
6	-1.178
7	-1.714
8	-3.666
9	-1.883
10	-3.609
6	-0.447
7	-0.5304
8	-0.6761
9	-1.451
10	-0.3881
6	-0.8833
7	-0.7998
8	-0.6582
9	-0.9969
10	-0.9071
6	3.436
7	2.096
8	2.225
9	2.482
10	2.927
6	-0.7869
7	-0.5566
8	-0.9672
9	-1.493
10	-0.9113
6	-2.305
7	-2.536
8	-1.646
9	-3.505
10	-1.927
6	2.603
7	2.535
8	1.861
9	5.291
10	1.93
6	-0.9489
7	-0.5822
8	-0.1196
9	-0.2691
10	-0.6568
6	0.03913
7	0.4273
8	0.06622
9	-0.02981
10	0.07804
6	-0.07363
7	0.2262
8	0.6854
9	0.155
10	0.3596
6	0.9438
7	0.707
8	0.9198
9	0.7692
10	0.9784
6	-0.677
7	-0.6404
8	-0.3651
9	-0.711
10	-0.6659
6	-2.395
7	-2.381
8	-0.7748
9	-1.052
10	-1.371
6	-1.876
7	-3.708
8	-1.424
9	-2.796
10	-1.052
6	-3.658
7	-1.163
8	-1.513
9	-4.398
10	-1.117
6	-0.4263
7	-0.7095
8	-0.4094
9	-0.2929
10	-0.2834
6	-1.552
7	-2.584
8	-1.988
9	-1.233
10	-1.978
6	-0.3264
7	-0.2041
8	0.004914
9	-0.4378
10	0.04351
6	-2.598
7	-1.131
8	-3.106
9	-1.038
10	-0.7709
6	-3.712
7	-0.7944
8	-1.048
9	-1.235
10	-1.797
6	2.145
7	3.194
8	4.045
9	2.346
10	2.874
6	0.2295
7	0.2321
8	0.5532
9	0.7521
10	1.23
6	0.2121
7	0.4637
8	0.4554
9	0.3163
10	1.28
6	-1.072
7	-0.9379
8	-2.637
9	-2.212
10	-2.724
6	-0.6054
7	-0.2929
8	-0.2149
9	-0.3454
10	0.1586
6	-0.4519
7	0.06489
8	0.02314
9	0.01014
10	-0.03921
6	0.2133
7	0.2838
8	0.1256
9	0.2148
10	1.254
6	-0.2779
7	0.3535
8	-0.2807
9	0.09207
10	0.06451
6	-0.3797
7	0.2624
8	-0.5168
9	0.4651
10	0.1907
6	-0.257
7	0.3248
8	-0.2032
9	0.1029
10	0.4913
6	-0.3442
7	0.7202
8	-0.2374
9	0.6236
10	0.3459
6	0.1425
7	0.7585
8	-0.2371
9	0.4892
10	0.4106
6	-0.9624
7	-0.8782
8	-1.201
9	-0.734
10	-1.164
6	-3.494
7	-1.676
8	-2.315
9	-1.482
10	-2.839
6	-0.8118
7	-0.6581
8	-1.246
9	-0.7282
10	-1.162
6	-0.8448
7	-0.8083
8	-0.8992
9	-0.9017
10	-1.044
6	1.294
7	0.9184
8	1.356
9	0.7891
10	0.8537
6	-1.259
7	-1.118
8	-0.7679
9	-1.188
10	-0.9113
6	-2.515
7	-3.384
8	-3.007
9	-2.756
10	-3.01
6	-0.6857
7	-0.2128
8	-0.2941
9	-0.2578
10	-0.5723
6	-1.214
7	-1.325
8	-0.9944
9	-1.252
10	-0.886
6	-0.7659
7	-1.059
8	-1.292
9	-0.6656
10	-1.473
6	-0.6442
7	-0.8036
8	-1.079
9	-0.7127
10	-0.873
6	-0.5878
7	-0.7737
8	-1.218
9	-0.746
10	-0.7786
6	1.804
7	3.182
8	2.771
9	3.145
10	2.009
6	-0.8662
7	-1.046
8	-0.8451
9	-0.7226
10	-0.7668
6	-0.9212
7	-1.035
8	-1.047
9	-1.014
10	-1.048
6	-0.3638
7	-0.7366
8	-1.245
9	-0.9367
10	-1.048
6	0.8874
7	0.9537
8	0.2408
9	0.4294
10	0.6383
6	-0.9139
7	-0.6186
8	-0.7259
9	-0.8416
10	-0.9104
6	-0.07049
7	0.0294
8	-0.09812
9	-0.5359
10	-0.4088
6	-0.6801
7	-0.4826
8	-0.9613
9	-0.8456
10	-0.8144
6	-2.571
7	-2.382
8	-0.9844
9	-2.534
10	-3.504
6	-1.813
7	-2.184
8	-1.102
9	-1.013
10	-1.411
6	-1.793
7	-1.744
8	-4.512
9	-2.584
10	-2.431
6	-1.993
7	-1.014
8	-3.491
9	-2.951
10	-1.642
6	-1.726
7	-1.687
8	-1.91
9	-0.9629
10	-1.528
6	-3.893
7	-2.865
8	-2.368
9	-0.7306
10	-3.729
6	-0.3013
7	0.4784
8	0.08277
9	0.1205
10	-0.1738
6	-1.145
7	-1.626
8	-2.485
9	-1.541
10	-2.439
6	-2.382
7	-3.18
8	-1.514
9	-1.425
10	-2.361
6	-0.6664
7	-0.5126
8	-0.4992
9	-0.6953
10	-0.3609
6	-1.015
7	-2.288
8	-1.452
9	-1.781
10	-2.913
6	4.961
7	4.62
8	5.395
9	3.072
10	2.777
6	4.131
7	2.391
8	2.49
9	3.695
10	3.567
6	-1.446
7	-2.5
8	-1.425
9	-0.6495
10	-0.6745
6	-2.374
7	-1.205
8	-1.257
9	-1.287
10	-0.6905
6	0.6496
7	1.32
8	0.898
9	1.444
10	1.432
6	-1.569
7	-2.147
8	-1.984
9	-1.347
10	-2.791
6	-1.812
7	-2.112
8	-2.294
9	-2.177
10	-0.7236
6	-0.5015
7	0.2421
8	-0.1619
9	-0.2195
10	0.09709
6	-1.574
7	-1.818
8	-2.416
9	-2.397
10	-1.67
6	-2.451
7	-2.593
8	-2.716
9	-2.474
10	-2.842
6	-1.284
7	-2.226
8	-1.823
9	-3.787
10	-1.777
6	-2.661
7	-2.156
8	-1.987
9	-4.267
10	-1.58
6	-1.557
7	-3.3
8	-5.074
9	-3.054
10	-4.577
6	-0.203
7	-1.46
8	-0.8785
9	-1.122
10	-0.833
6	-0.3656
7	-1.049
8	-0.6935
9	-1.267
10	-1.023
6	2.648
7	1.534
8	6.766
9	5.247
10	0.6977
6	-0.417
7	-1.432
8	-0.3997
9	-1.054
10	-0.959
6	2.038
7	1.968
8	2.361
9	0.6326
10	3.851
6	3.75
7	2.467
8	2.134
9	1.153
10	0.8444
6	1.946
7	0.6041
8	4.241
9	2.86
10	3.138
6	1.977
7	2.804
8	2.812
9	0.7645
10	2.108
6	-0.3085
7	-0.9424
8	-0.4632
9	-0.9804
10	-1.348
6	-0.4533
7	-0.9745
8	-0.8765
9	-1.404
10	-0.7312
6	2.379
7	2.57
8	1.781
9	0.9091
10	1.227
6	1.573
7	0.6784
8	1.143
9	0.1552
10	0.9626
6	-0.7976
7	-1.877
8	-1.127
9	-2.242
10	-1.572
6	1.643
7	0.5412
8	0.7197
9	-0.1185
10	0.9665
6	2.978
7	1.736
8	2.518
9	3.167
10	1.935
6	-0.2191
7	-1.62
8	-1.514
9	-2.291
10	-1.035
6	4.047
7	4.716
8	5.087
9	4.227
10	1.944
6	2.566
7	1.785
8	2.902
9	1.065
10	1.227
6	2.084
7	2.197
8	1.497
9	0.8074
10	1.33
6	3.946
7	1.966
8	1.803
9	1.737
10	1.788
6	-0.2957
7	-0.7626
8	-0.3781
9	-0.3715
10	-0.3415
6	2.457
7	1.97
8	2.479
9	1.712
10	3.906
6	2.854
7	1.819
8	5.451
9	5.384
10	2.159
6	4.026
7	1.627
8	2.917
9	2.073
10	1.424
6	3.216
7	2.424
8	2.107
9	2.936
10	2.043
6	-0.4613
7	-1.559
8	-0.6097
9	-1.479
10	-1.499
6	2.459
7	2.229
8	2.973
9	1.358
10	3.259
6	0.374
7	0.3121
8	0.7649
9	-0.009007
10	0.4679
6	1.123
7	0.7177
8	1.531
9	0.7116
10	0.6829
6	-0.9702
7	-1.156
8	-0.9707
9	-1.712
10	-0.9491
6	0.06106
7	-0.08002
8	-0.1214
9	-0.01614
10	0.07513
6	-0.6967
7	-0.7858
8	-0.5024
9	-1.252
10	-0.4409
6	-4.542
7	-3.74
8	-2.396
9	-2.381
10	-2.595
6	2.164
7	4.369
8	2.739
9	2.803
10	4.639
6	0.3335
7	-0.3307
8	-0.3153
9	-0.5679
10	0.03498
6	2.911
7	2.845
8	1.957
9	1.507
10	6.2
6	1.567
7	1.398
8	1.162
9	0.8495
10	1.411
6	-1.204
7	-2.192
8	-2.497
9	-1.99
10	-1.316
6	1.626
7	1.251
8	0.9966
9	1.181
10	1.323
6	0.4582
7	-0.4124
8	-0.07303
9	-0.4958
10	0.271
6	1.625
7	2.071
8	0.8573
9	1.447
10	5.285
6	1.693
7	2.033
8	2.319
9	1.536
10	2.315
6	1.978
7	3.09
8	2.1
9	1.98
10	1.785
6	2.642
7	2.689
8	1.28
9	1.412
10	2.059
6	1.58
7	4.635
8	0.7116
9	2.135
10	3.034
6	2.361
7	5.182
8	0.948
9	1.07
10	2.068
6	-1.264
7	-1.133
8	-1.575
9	-1.578
10	-2.31
6	2.606
7	1.317
8	5.411
9	4.133
10	0.9522
6	-1.189
7	-1.267
8	-1.36
9	-1.393
10	-1.934
6	2.213
7	2.384
8	1.584
9	3.343
10	1.292
6	0.7742
7	0.6121
8	0.1566
9	0.06916
10	-0.2413
6	1.339
7	1.38
8	1.128
9	3.05
10	1.689
6	2.701
7	1.883
8	1.596
9	0.7362
10	0.9395
6	-2.272
7	-3.455
8	-4.64
9	-2.088
10	-3.7
6	1.714
7	1.636
8	1.828
9	1.663
10	1.223
6	-0.1312
7	-0.5443
8	-1.021
9	-0.8679
10	-0.9551
6	1.989
7	2.042
8	0.8911
9	1.72
10	5.16
6	-0.2233
7	-0.6021
8	-0.9463
9	-0.6703
10	-1.207
6	3.5
7	2.247
8	1.365
9	1.496
10	2.069
6	2.488
7	2.304
8	4.424
9	0.9545
10	1.511
6	1.855
7	2.972
8	1.907
9	2.634
10	1.378
6	-0.9514
7	-1.044
8	-1.394
9	-1.916
10	-1.729
6	-2.301
7	-3.355
8	-2.989
9	-2.731
10	-2.64
6	-1.048
7	-0.8471
8	-1.362
9	-1.711
10	-1.521
6	-4.22
7	-1.494
8	-2.134
9	-2.351
10	-2.861
6	3.446
7	5.592
8	1.38
9	1.62
10	2.089
6	2.61
7	1.894
8	1.645
9	1.92
10	1.41
6	1.333
7	1.225
8	1.203
9	1.206
10	0.864
6	1.357
7	1.472
8	1.003
9	1.197
10	0.7804
6	0.8342
7	1.23
8	1.173
9	1.249
10	0.3064
6	-1.174
7	-0.7883
8	-0.8087
9	-1.09
10	-1.343
6	-0.7997
7	-0.9993
8	-1.436
9	-0.9225
10	-1.609
6	-0.7394
7	-0.5389
8	-0.8399
9	-1.343
10	-1.8
6	-1.308
7	-0.747
8	-0.9941
9	-0.8249
10	-1.251
6	-3.745
7	-3.658
8	-1.799
9	-1.504
10	-3.442
6	1.06
7	1.384
8	0.7878
9	1.632
10	1.521
6	1.028
7	1.403
8	0.6509
9	1.143
10	1.15
6	0.1179
7	0.4112
8	-0.2655
9	0.08426
10	-0.3278
6	0.7306
7	0.5708
8	0.04813
9	0.3942
10	0.7703
6	2.152
7	2.251
8	1.884
9	2.011
10	4.203
6	-0.7754
7	-0.7685
8	-1.452
9	-0.3768
10	-1.038
6	-2.463
7	-2.63
8	-4.234
9	-2.16
10	-2.261
6	1.215
7	1.837
8	0.9702
9	1.657
10	1.633
6	-4.847
7	-0.8576
8	-3.037
9	-3.518
10	-2.104
6	3.596
7	2.874
8	2.093
9	2.663
10	1.77
6	2.662
7	1.942
8	5.28
9	2.16
10	2.003
6	4.003
7	3.138
8	2.001
9	1.486
10	3.29
6	1.559
7	2.007
8	3.214
9	1.703
10	1.998
6	2.043
7	2.016
8	1.911
9	2.556
10	2.338
6	1.758
7	4.711
8	2.395
9	3.013
10	2.673
6	-1.368
7	-1.701
8	-1.167
9	-1.6
10	-1.756
6	4.011
7	1.173
8	2.429
9	0.7387
10	4.454
6	-2.195
7	-2.934
8	-2.404
9	-3.051
10	-2.654
6	3.904
7	1.342
8	3.438
9	1.158
10	1.338
6	2.179
7	3.408
8	3.58
9	4.035
10	1.649
6	1.93
7	1.536
8	2.799
9	2.355
10	1.113
6	-1.477
7	-1.556
8	-1.044
9	-1.534
10	-1.571
6	-0.9821
7	-1.577
8	-1.282
9	-1.531
10	-1.353
6	0.3202
7	-0.04246
8	0.007619
9	-0.6359
10	-0.1561
6	-1.422
7	-1.472
8	-1.043
9	-2.053
10	-1.6
6	-2.622
7	-1.802
8	-3.701
9	-5.204
10	-2.461
6	1.056
7	0.893
8	0.6902
9	0.2072
10	0.8023
6	2.611
7	3.062
8	1.51
9	1.604
10	4.256
6	1.684
7	1.612
8	2.636
9	1.199
10	2.643
6	4.536
7	1.295
8	3.922
9	2.234
10	2.57
6	-1.351
7	-3.272
8	-1.73
9	-2.902
10	-2.377
6	0.7619
7	-0.2547
8	0.07199
9	-0.6
10	0.3693
6	-1.673
7	-1.786
8	-2.184
9	-2.446
10	-2.187
6	-2.026
7	-3.631
8	-2.721
9	-2.922
10	-1.775
6	-1.547
7	-2.78
8	-1.623
9	-2.8
10	-1.576
6	3.478
7	3.567
8	2.005
9	1.644
10	3.491
6	-2.501
7	-1.512
8	-2.019
9	-2.962
10	-2.938
6	3.687
7	2.174
8	3.702
9	2.601
10	1.64
6	1.583
7	1.651
8	2.845
9	1.872
10	2.091
6	4.69
7	2.766
8	1.926
9	2.643
10	1.578
6	-0.6933
7	-1.302
8	-0.9084
9	-1.195
10	-0.7963
6	1.286
7	1.088
8	1.605
9	0.8416
10	1.375
6	0.7776
7	1.023
8	1.631
9	0.8778
10	1.013
6	-3.591
7	-1.763
8	-2.242
9	-2.179
10	-3.583
6	1.418
7	1.034
8	1.295
9	1.003
10	1.222
6	2.276
7	4.142
8	3.378
9	3.668
10	3.799
6	-1.799
7	-3.1
8	-1.581
9	-1.846
10	-3.777
6	-0.1911
7	-0.2855
8	-0.02766
9	-0.02281
10	0.4431
6	-1.363
7	-1.576
8	-1.391
9	-5.251
10	-1.244
6	0.5052
7	1.332
8	1.247
9	1.036
10	0.9046
6	0.5889
7	1.284
8	1.395
9	1.004
10	1.186
6	0.8509
7	1.307
8	1.461
9	0.8865
10	0.9931
6	0.5655
7	1.544
8	1.299
9	0.9134
10	1.276
6	0.8274
7	1.5
8	1.067
9	0.9348
10	1.179
6	0.6432
7	1.243
8	1.468
9	1.227
10	1.031
6	0.9066
7	1.405
8	1.328
9	0.9504
10	0.8633
6	0.7936
7	1.082
8	1.595
9	0.898
10	0.9758
6	1.153
7	2.316
8	1.835
9	1.595
10	1.6
6	0.4712
7	1.417
8	1.577
9	0.7882
10	0.9251
6	0.5678
7	2.283
8	1.446
9	1.593
10	1.182
6	-2.062
7	-1.429
8	-1.323
9	-1.492
10	-1.974
6	-2.061
7	-1.48
8	-0.9873
9	-1.772
10	-1.908
6	-3.518
7	-2.124
8	-1.694
9	-3.544
10	-4.021
6	-3.101
7	-2.411
8	-3.857
9	-2.734
10	-3.336
6	3.274
7	2.812
8	1.849
9	1.406
10	0.6036
6	-4.203
7	-1.818
8	-1.662
9	-3.408
10	-3.313
6	1.842
7	2.55
8	2.792
9	2.417
10	0.6411
6	1.663
7	1.968
8	1.346
9	2.061
10	1.776
6	-2.563
7	-3.069
8	-2.441
9	-1.871
10	-3.633
6	2.453
7	1.876
8	2.657
9	1.925
10	2.228
6	-0.8066
7	-2.049
8	0.6874
9	0.5427
10	-0.258
6	-2.218
7	-1.433
8	-1.392
9	-1.551
10	-0.4117
6	0.3762
7	-0.8985
8	0.4899
9	-0.02186
10	-1.474
6	-2.003
7	-0.5866
8	0.1753
9	-1.369
10	-2.549
6	-0.9634
7	-1.998
8	-0.3322
9	-2.16
10	-0.4552
6	0.3732
7	-1.668
8	-1.276
9	-2.106
10	-1.56
6	-0.377
7	-0.3481
8	-1.149
9	-1.579
10	0.161
6	1.277
7	-0.5308
8	0.7244
9	-0.02815
10	0.5648
6	-0.1389
7	-0.386
8	0.2843
9	0.1311
10	-1.388
6	-0.317
7	-0.3681
8	-0.02656
9	-0.6298
10	-0.8043
6	0.4959
7	-0.02023
8	0.27
9	-0.3195
10	0.4761
6	0.8275
7	0.4801
8	0.203
9	0.1776
10	0.3805
6	-0.02351
7	-0.4039
8	-0.4052
9	-0.8902
10	-0.8847
6	0.7786
7	0.4865
8	0.2869
9	-0.03034
10	0.1109
6	0.7021
7	0.608
8	0.531
9	0.03474
10	-0.02464
6	0.09108
7	-0.06264
8	-0.303
9	-0.8297
10	-0.5829
6	2.809
7	4.263
8	2.423
9	3.468
10	2.847
6	0.7946
7	0.3659
8	0.3643
9	0.06128
10	-0.1387
6	3.729
7	3.766
8	2.611
9	1.883
10	5.057
6	2.531
7	3.135
8	2.682
9	4.575
10	2.089
6	2.685
7	3.638
8	2.776
9	2.443
10	3.644
6	-1.371
7	-3.75
8	-0.6483
9	-1.462
10	-2.076
6	5.057
7	2.592
8	2.864
9	3.55
10	2.377
6	4.821
7	2.612
8	2.623
9	4.278
10	2.177
6	-1.254
7	-1.609
8	-2.808
9	-1.093
10	-0.5766
6	-2.899
7	-0.3333
8	-0.2962
9	-3.244
10	-1.33
6	-0.4748
7	-0.5009
8	-0.2329
9	-0.05245
10	-2.875
6	-1.114
7	-1.502
8	-0.4971
9	-0.7034
10	-1.548
6	0.1703
7	0.5219
8	0.7615
9	0.348
10	0.9144
6	-0.8905
7	-0.796
8	-0.529
9	-0.7297
10	-0.3449
6	1.621
7	3.419
8	3.283
9	1.406
10	2.02
6	-1.06
7	-0.918
8	-0.4661
9	-0.2333
10	-0.4547
6	-1.763
7	-1.855
8	-1.411
9	-1.314
10	-1.273
6	-0.92
7	-0.553
8	-0.096
9	-0.7743
10	-0.4345
6	2.012
7	1.677
8	2.75
9	1.36
10	5.201
6	1.72
7	2.609
8	4.556
9	1.986
10	1.31
6	-0.7419
7	-0.1952
8	0.5428
9	-0.1346
10	0.2693
6	-0.8186
7	-1.006
8	-0.2372
9	-0.482
10	-0.9003
6	-1.277
7	-1.071
8	-0.6379
9	-0.3457
10	-0.8933
6	-1.346
7	-1.598
8	-0.09411
9	-3.405
10	-0.4161
6	-2.033
7	-3.871
8	-1.234
9	0.4152
10	-1.28
6	2.023
7	1.293
8	1.449
9	0.9996
10	1.595
6	2.053
7	0.9504
8	1.823
9	1.011
10	2.179
6	2.465
7	1.17
8	1.995
9	1.099
10	2.145
6	-1.265
7	-3.033
8	-3.497
9	-1.85
10	-2.152
6	0.01098
7	-0.314
8	-0.3615
9	-0.5967
10	0.3697
6	2.276
7	1.303
8	2.173
9	1.589
10	2.029
6	-1.54
7	-1.214
8	-1.288
9	-3.651
10	-1.116
6	1.528
7	0.7346
8	1.162
9	0.5997
10	1.701
6	-0.06274
7	-0.7409
8	-0.5523
9	-0.3963
10	0.3015
6	0.02515
7	-0.6965
8	-0.4292
9	-0.4072
10	0.2838
6	0.3804
7	-0.3707
8	-0.4932
9	-0.8664
10	0.1798
6	1.787
7	1.184
8	0.8825
9	0.6184
10	1.492
6	1.105
7	0.304
8	0.1021
9	0.03238
10	0.9147
6	0.5018
7	0.6929
8	0.9272
9	0.5543
10	0.4601
6	2.653
7	2.601
8	3.503
9	3.455
10	4.782
6	-1.429
7	-1.396
8	-2.129
9	-2.79
10	-0.5675
6	-0.842
7	-1.729
8	-1.868
9	-1.118
10	-2.097
6	-0.1664
7	-0.5618
8	-0.1972
9	0.384
10	-0.3918
6	-2.505
7	-2.894
8	-1.37
9	-1.022
10	-0.8748
6	-4.399
7	-2.878
8	-0.818
9	-1.788
10	-1.179
6	-4.909
7	-1.936
8	-1.778
9	-1.491
10	-4.17
6	-0.6429
7	-0.6408
8	-3.128
9	-2.936
10	-0.6228
6	-4.059
7	-0.6405
8	-2.194
9	-1.604
10	-1.478
6	2.042
7	1.972
8	1.944
9	1.906
10	1.881
6	0.08663
7	0.1478
8	0.2202
9	0.2453
10	0.2773
