alpha.type[2]	1	5
alpha.type.visit[6]	6	10
alpha.type.visit[7]	11	15
alpha.type.visit[8]	16	20
alpha.type.visit[9]	21	25
alpha.visit[1]	26	30
alpha.visit[2]	31	35
alpha.visit[3]	36	40
alpha.visit[4]	41	45
alpha0	46	50
deviance	51	55
pred.type1.visit1	56	60
pred.type1.visit2	61	65
pred.type1.visit3	66	70
pred.type1.visit4	71	75
pred.type1.visit5	76	80
pred.type2.visit1	81	85
pred.type2.visit2	86	90
pred.type2.visit3	91	95
pred.type2.visit4	96	100
pred.type2.visit5	101	105
resid[1]	106	110
resid[2]	111	115
resid[3]	116	120
resid[4]	121	125
resid[5]	126	130
resid[6]	131	135
resid[7]	136	140
resid[8]	141	145
resid[9]	146	150
resid[10]	151	155
resid[11]	156	160
resid[12]	161	165
resid[13]	166	170
resid[14]	171	175
resid[15]	176	180
resid[16]	181	185
resid[17]	186	190
resid[18]	191	195
resid[19]	196	200
resid[20]	201	205
resid[21]	206	210
resid[22]	211	215
resid[23]	216	220
resid[24]	221	225
resid[25]	226	230
resid[26]	231	235
resid[27]	236	240
resid[28]	241	245
resid[29]	246	250
resid[30]	251	255
resid[31]	256	260
resid[32]	261	265
resid[33]	266	270
resid[34]	271	275
resid[35]	276	280
resid[36]	281	285
resid[37]	286	290
resid[38]	291	295
resid[39]	296	300
resid[40]	301	305
resid[41]	306	310
resid[42]	311	315
resid[43]	316	320
resid[44]	321	325
resid[45]	326	330
resid[46]	331	335
resid[47]	336	340
resid[48]	341	345
resid[49]	346	350
resid[50]	351	355
resid[51]	356	360
resid[52]	361	365
resid[53]	366	370
resid[54]	371	375
resid[55]	376	380
resid[56]	381	385
resid[57]	386	390
resid[58]	391	395
resid[59]	396	400
resid[60]	401	405
resid[61]	406	410
resid[62]	411	415
resid[63]	416	420
resid[64]	421	425
resid[65]	426	430
resid[66]	431	435
resid[67]	436	440
resid[68]	441	445
resid[69]	446	450
resid[70]	451	455
resid[71]	456	460
resid[72]	461	465
resid[73]	466	470
resid[74]	471	475
resid[75]	476	480
resid[76]	481	485
resid[77]	486	490
resid[78]	491	495
resid[79]	496	500
resid[80]	501	505
resid[81]	506	510
resid[82]	511	515
resid[83]	516	520
resid[84]	521	525
resid[85]	526	530
resid[86]	531	535
resid[87]	536	540
resid[88]	541	545
resid[89]	546	550
resid[90]	551	555
resid[91]	556	560
resid[92]	561	565
resid[93]	566	570
resid[94]	571	575
resid[95]	576	580
resid[96]	581	585
resid[97]	586	590
resid[98]	591	595
resid[99]	596	600
resid[100]	601	605
resid[101]	606	610
resid[102]	611	615
resid[103]	616	620
resid[104]	621	625
resid[105]	626	630
resid[106]	631	635
resid[107]	636	640
resid[108]	641	645
resid[109]	646	650
resid[110]	651	655
resid[111]	656	660
resid[112]	661	665
resid[113]	666	670
resid[114]	671	675
resid[115]	676	680
resid[116]	681	685
resid[117]	686	690
resid[118]	691	695
resid[119]	696	700
resid[120]	701	705
resid[121]	706	710
resid[122]	711	715
resid[123]	716	720
resid[124]	721	725
resid[125]	726	730
resid[126]	731	735
resid[127]	736	740
resid[128]	741	745
resid[129]	746	750
resid[130]	751	755
resid[131]	756	760
resid[132]	761	765
resid[133]	766	770
resid[134]	771	775
resid[135]	776	780
resid[136]	781	785
resid[137]	786	790
resid[138]	791	795
resid[139]	796	800
resid[140]	801	805
resid[141]	806	810
resid[142]	811	815
resid[143]	816	820
resid[144]	821	825
resid[145]	826	830
resid[146]	831	835
resid[147]	836	840
resid[148]	841	845
resid[149]	846	850
resid[150]	851	855
resid[151]	856	860
resid[152]	861	865
resid[153]	866	870
resid[154]	871	875
resid[155]	876	880
resid[156]	881	885
resid[157]	886	890
resid[158]	891	895
resid[159]	896	900
resid[160]	901	905
resid[161]	906	910
resid[162]	911	915
resid[163]	916	920
resid[164]	921	925
resid[165]	926	930
resid[166]	931	935
resid[167]	936	940
resid[168]	941	945
resid[169]	946	950
resid[170]	951	955
resid[171]	956	960
resid[172]	961	965
resid[173]	966	970
resid[174]	971	975
resid[175]	976	980
resid[176]	981	985
resid[177]	986	990
resid[178]	991	995
resid[179]	996	1000
resid[180]	1001	1005
resid[181]	1006	1010
resid[182]	1011	1015
resid[183]	1016	1020
resid[184]	1021	1025
resid[185]	1026	1030
resid[186]	1031	1035
resid[187]	1036	1040
resid[188]	1041	1045
resid[189]	1046	1050
resid[190]	1051	1055
resid[191]	1056	1060
resid[192]	1061	1065
resid[193]	1066	1070
resid[194]	1071	1075
resid[195]	1076	1080
resid[196]	1081	1085
resid[197]	1086	1090
resid[198]	1091	1095
resid[199]	1096	1100
resid[200]	1101	1105
resid[201]	1106	1110
resid[202]	1111	1115
resid[203]	1116	1120
resid[204]	1121	1125
resid[205]	1126	1130
resid[206]	1131	1135
resid[207]	1136	1140
resid[208]	1141	1145
resid[209]	1146	1150
resid[210]	1151	1155
resid[211]	1156	1160
resid[212]	1161	1165
resid[213]	1166	1170
resid[214]	1171	1175
resid[215]	1176	1180
resid[216]	1181	1185
resid[217]	1186	1190
resid[218]	1191	1195
resid[219]	1196	1200
resid[220]	1201	1205
resid[221]	1206	1210
resid[222]	1211	1215
resid[223]	1216	1220
resid[224]	1221	1225
resid[225]	1226	1230
resid[226]	1231	1235
resid[227]	1236	1240
resid[228]	1241	1245
resid[229]	1246	1250
resid[230]	1251	1255
resid[231]	1256	1260
resid[232]	1261	1265
resid[233]	1266	1270
resid[234]	1271	1275
resid[235]	1276	1280
resid[236]	1281	1285
resid[237]	1286	1290
resid[238]	1291	1295
resid[239]	1296	1300
resid[240]	1301	1305
resid[241]	1306	1310
resid[242]	1311	1315
resid[243]	1316	1320
resid[244]	1321	1325
resid[245]	1326	1330
resid[246]	1331	1335
resid[247]	1336	1340
resid[248]	1341	1345
resid[249]	1346	1350
resid[250]	1351	1355
resid[251]	1356	1360
resid[252]	1361	1365
resid[253]	1366	1370
resid[254]	1371	1375
resid[255]	1376	1380
resid[256]	1381	1385
resid[257]	1386	1390
resid[258]	1391	1395
resid[259]	1396	1400
resid[260]	1401	1405
resid[261]	1406	1410
resid[262]	1411	1415
resid[263]	1416	1420
resid[264]	1421	1425
resid[265]	1426	1430
resid[266]	1431	1435
resid[267]	1436	1440
resid[268]	1441	1445
resid[269]	1446	1450
resid[270]	1451	1455
resid[271]	1456	1460
resid[272]	1461	1465
resid[273]	1466	1470
resid[274]	1471	1475
resid[275]	1476	1480
resid[276]	1481	1485
resid[277]	1486	1490
resid[278]	1491	1495
resid[279]	1496	1500
resid[280]	1501	1505
resid[281]	1506	1510
resid[282]	1511	1515
resid[283]	1516	1520
resid[284]	1521	1525
resid[285]	1526	1530
resid[286]	1531	1535
resid[287]	1536	1540
resid[288]	1541	1545
resid[289]	1546	1550
resid[290]	1551	1555
resid[291]	1556	1560
resid[292]	1561	1565
resid[293]	1566	1570
resid[294]	1571	1575
resid[295]	1576	1580
resid[296]	1581	1585
resid[297]	1586	1590
resid[298]	1591	1595
resid[299]	1596	1600
resid[300]	1601	1605
resid[301]	1606	1610
resid[302]	1611	1615
resid[303]	1616	1620
resid[304]	1621	1625
resid[305]	1626	1630
resid[306]	1631	1635
resid[307]	1636	1640
resid[308]	1641	1645
resid[309]	1646	1650
resid[310]	1651	1655
resid[311]	1656	1660
resid[312]	1661	1665
resid[313]	1666	1670
resid[314]	1671	1675
resid[315]	1676	1680
resid[316]	1681	1685
resid[317]	1686	1690
resid[318]	1691	1695
resid[319]	1696	1700
resid[320]	1701	1705
resid[321]	1706	1710
resid[322]	1711	1715
resid[323]	1716	1720
resid[324]	1721	1725
resid[325]	1726	1730
resid[326]	1731	1735
resid[327]	1736	1740
resid[328]	1741	1745
resid[329]	1746	1750
resid[330]	1751	1755
resid[331]	1756	1760
resid[332]	1761	1765
resid[333]	1766	1770
resid[334]	1771	1775
resid[335]	1776	1780
resid[336]	1781	1785
resid[337]	1786	1790
resid[338]	1791	1795
resid[339]	1796	1800
resid[340]	1801	1805
resid[341]	1806	1810
resid[342]	1811	1815
resid[343]	1816	1820
resid[344]	1821	1825
resid[345]	1826	1830
resid[346]	1831	1835
resid[347]	1836	1840
resid[348]	1841	1845
resid[349]	1846	1850
resid[350]	1851	1855
resid[351]	1856	1860
resid[352]	1861	1865
resid[353]	1866	1870
resid[354]	1871	1875
resid[355]	1876	1880
resid[356]	1881	1885
resid[357]	1886	1890
resid[358]	1891	1895
resid[359]	1896	1900
resid[360]	1901	1905
resid[361]	1906	1910
resid[362]	1911	1915
resid[363]	1916	1920
resid[364]	1921	1925
resid[365]	1926	1930
resid[366]	1931	1935
resid[367]	1936	1940
resid[368]	1941	1945
resid[369]	1946	1950
resid[370]	1951	1955
resid[371]	1956	1960
resid[372]	1961	1965
resid[373]	1966	1970
resid[374]	1971	1975
resid[375]	1976	1980
resid[376]	1981	1985
resid[377]	1986	1990
resid[378]	1991	1995
resid[379]	1996	2000
resid[380]	2001	2005
resid[381]	2006	2010
resid[382]	2011	2015
resid[383]	2016	2020
resid[384]	2021	2025
resid[385]	2026	2030
resid[386]	2031	2035
resid[387]	2036	2040
resid[388]	2041	2045
resid[389]	2046	2050
resid[390]	2051	2055
resid[391]	2056	2060
resid[392]	2061	2065
resid[393]	2066	2070
resid[394]	2071	2075
resid[395]	2076	2080
resid[396]	2081	2085
resid[397]	2086	2090
resid[398]	2091	2095
resid[399]	2096	2100
resid[400]	2101	2105
resid[401]	2106	2110
resid[402]	2111	2115
resid[403]	2116	2120
resid[404]	2121	2125
resid[405]	2126	2130
resid[406]	2131	2135
resid[407]	2136	2140
resid[408]	2141	2145
resid[409]	2146	2150
resid[410]	2151	2155
resid[411]	2156	2160
resid[412]	2161	2165
resid[413]	2166	2170
resid[414]	2171	2175
resid[415]	2176	2180
resid[416]	2181	2185
resid[417]	2186	2190
resid[418]	2191	2195
resid[419]	2196	2200
resid[420]	2201	2205
resid[421]	2206	2210
resid[422]	2211	2215
resid[423]	2216	2220
resid[424]	2221	2225
resid[425]	2226	2230
resid[426]	2231	2235
resid[427]	2236	2240
resid[428]	2241	2245
resid[429]	2246	2250
resid[430]	2251	2255
resid[431]	2256	2260
resid[432]	2261	2265
resid[433]	2266	2270
resid[434]	2271	2275
resid[435]	2276	2280
resid[436]	2281	2285
resid[437]	2286	2290
resid[438]	2291	2295
resid[439]	2296	2300
resid[440]	2301	2305
resid[441]	2306	2310
resid[442]	2311	2315
resid[443]	2316	2320
resid[444]	2321	2325
resid[445]	2326	2330
resid[446]	2331	2335
resid[447]	2336	2340
resid[448]	2341	2345
resid[449]	2346	2350
resid[450]	2351	2355
resid[451]	2356	2360
resid[452]	2361	2365
resid[453]	2366	2370
resid[454]	2371	2375
resid[455]	2376	2380
resid[456]	2381	2385
resid[457]	2386	2390
resid[458]	2391	2395
resid[459]	2396	2400
resid[460]	2401	2405
resid[461]	2406	2410
resid[462]	2411	2415
resid[463]	2416	2420
resid[464]	2421	2425
resid[465]	2426	2430
resid[466]	2431	2435
resid[467]	2436	2440
resid[468]	2441	2445
resid[469]	2446	2450
resid[470]	2451	2455
resid[471]	2456	2460
resid[472]	2461	2465
resid[473]	2466	2470
sigmaLmic	2471	2475
sigmafarm	2476	2480
