list(
alpha0
=
0.00000E+00, alpha.type
=c(
    NA, 0.00000E+00
), alpha.visit
=c(
0.00000E+00, 0.00000E+00, 0.00000E+00, 0.00000E+00,     NA
), alpha.type.visit
=c(
    NA,     NA,     NA,     NA,     NA, 0.00000E+00, 0.00000E+00, 0.00000E+00, 0.00000E+00,     NA
), tauLmic
=
1.00000E+00, Lmic
=c(
9.11034E+00, 9.11034E+00, 9.11034E+00, 9.11034E+00, 9.11034E+00, 9.11034E+00, 9.11034E+00, 9.11034E+00, 9.11034E+00, 9.11034E+00, 9.11034E+00, 9.11034E+00, 9.11034E+00, 9.11034E+00, 9.11034E+00, 9.11034E+00, 9.11034E+00, 9.11034E+00, 9.11034E+00, 9.11034E+00, 9.11034E+00, 9.11034E+00, 9.11034E+00, 9.11034E+00, 5.93147E-01, 9.11034E+00, 9.11034E+00, 9.11034E+00, 9.11034E+00, 9.11034E+00, 9.11034E+00, -1.48629E+00, 9.11034E+00, 9.11034E+00, 9.11034E+00, 9.11034E+00, 9.11034E+00, 9.11034E+00, 9.11034E+00, 9.11034E+00, 9.11034E+00, 9.11034E+00, 9.11034E+00, 9.11034E+00, 9.11034E+00, 9.11034E+00, 9.11034E+00, 9.11034E+00, 9.11034E+00, 9.11034E+00, 2.67259E+00, 9.11034E+00, 9.11034E+00, 9.11034E+00, 2.67259E+00, 9.11034E+00, 9.11034E+00, 9.11034E+00, 9.11034E+00, 9.11034E+00, 9.11034E+00, 2.67259E+00, 9.11034E+00, 1.28629E+00, 9.11034E+00, 9.11034E+00, 9.11034E+00, 9.11034E+00, 9.11034E+00, 9.11034E+00, 9.11034E+00, 1.28629E+00, 9.11034E+00, 9.11034E+00, 9.11034E+00, 9.11034E+00, 9.11034E+00, 9.11034E+00, 9.11034E+00, 9.11034E+00, 9.11034E+00, 9.11034E+00, 9.11034E+00, 9.11034E+00, 9.11034E+00, 1.28629E+00, 1.28629E+00, 1.28629E+00, 1.28629E+00, 1.28629E+00, 9.11034E+00, 9.11034E+00, 9.11034E+00, 9.11034E+00, 9.11034E+00, 9.11034E+00, 9.11034E+00, 9.11034E+00, 9.11034E+00, 9.11034E+00, 9.11034E+00, 9.11034E+00, 9.11034E+00, 9.11034E+00, 9.11034E+00, 9.11034E+00, 9.11034E+00, 1.28629E+00, 1.28629E+00, 9.11034E+00, 5.93147E-01, 9.11034E+00, 5.93147E-01, 1.28629E+00, 5.93147E-01, 1.97944E+00, 9.11034E+00, 1.28629E+00, 9.11034E+00, 1.28629E+00, 9.11034E+00, 9.11034E+00, 9.11034E+00, 1.97944E+00, 1.28629E+00, 1.97944E+00, 9.11034E+00, 9.11034E+00, 9.11034E+00, 9.11034E+00, 9.11034E+00, 9.11034E+00, 9.11034E+00, 9.11034E+00, 9.11034E+00, 9.11034E+00, 9.11034E+00, 9.11034E+00, 9.11034E+00, 9.11034E+00, 9.11034E+00, 9.11034E+00, 9.11034E+00, 9.11034E+00, 9.11034E+00, 9.11034E+00, 9.11034E+00, 9.11034E+00, 9.11034E+00, 9.11034E+00, 9.11034E+00, 1.28629E+00, 1.28629E+00, 1.28629E+00, 1.28629E+00, 9.11034E+00, 9.11034E+00, 9.11034E+00, 9.11034E+00, 1.28629E+00, 1.28629E+00, 9.11034E+00, 1.28629E+00, 2.67259E+00, 2.67259E+00, 1.28629E+00, 1.28629E+00, 1.28629E+00, 9.11034E+00, 1.28629E+00, 9.11034E+00, 1.97944E+00, 9.11034E+00, 9.11034E+00, -7.93147E-01, 9.11034E+00, 9.11034E+00, 9.11034E+00, 9.11034E+00, 9.11034E+00, 9.11034E+00, 2.67259E+00, 9.11034E+00, 9.11034E+00, 9.11034E+00, 9.11034E+00, 1.28629E+00, 9.11034E+00, 1.28629E+00, 9.11034E+00, 1.28629E+00, 9.11034E+00, 9.11034E+00, 9.11034E+00, 9.11034E+00, 1.28629E+00, 9.11034E+00, 9.11034E+00, 9.11034E+00, 9.11034E+00, 5.93147E-01, -1.00000E-01, 9.11034E+00, 1.28629E+00, 9.11034E+00, 9.11034E+00, 1.28629E+00, 9.11034E+00, 9.11034E+00, 9.11034E+00, 9.11034E+00, 9.11034E+00, 9.11034E+00, 1.28629E+00, 9.11034E+00, 9.11034E+00, 9.11034E+00, 9.11034E+00, 9.11034E+00, 9.11034E+00, 9.11034E+00, 2.67259E+00, 9.11034E+00, 9.11034E+00, 9.11034E+00, 9.11034E+00, 9.11034E+00, 9.11034E+00, 9.11034E+00, 9.11034E+00, 9.11034E+00, 1.97944E+00, 9.11034E+00, 9.11034E+00, 9.11034E+00, 9.11034E+00, 9.11034E+00, 9.11034E+00, 9.11034E+00, 9.11034E+00, 9.11034E+00, -1.00000E-01, 5.93147E-01, -1.00000E-01, -1.00000E-01, 1.28629E+00, 9.11034E+00, 1.28629E+00, 1.28629E+00, 9.11034E+00, 1.28629E+00, 9.11034E+00, 9.11034E+00, 9.11034E+00, 1.28629E+00, 9.11034E+00, 1.28629E+00, 9.11034E+00, 9.11034E+00, 9.11034E+00, 9.11034E+00, 9.11034E+00, 9.11034E+00, 9.11034E+00, 9.11034E+00, 9.11034E+00, 9.11034E+00, 9.11034E+00, 9.11034E+00, 9.11034E+00, 9.11034E+00, 9.11034E+00, 9.11034E+00, 9.11034E+00, 9.11034E+00, 9.11034E+00, 9.11034E+00, 9.11034E+00, 9.11034E+00, 9.11034E+00, 9.11034E+00, 9.11034E+00, 9.11034E+00, 9.11034E+00, 9.11034E+00, 9.11034E+00, 9.11034E+00, 9.11034E+00, 9.11034E+00, 9.11034E+00, 9.11034E+00, 9.11034E+00, 9.11034E+00, 9.11034E+00, 9.11034E+00, 9.11034E+00, 1.28629E+00, 9.11034E+00, 9.11034E+00, 9.11034E+00, 9.11034E+00, 5.93147E-01, 9.11034E+00, 9.11034E+00, 9.11034E+00, 9.11034E+00, 9.11034E+00, 9.11034E+00, 9.11034E+00, 9.11034E+00, 9.11034E+00, 9.11034E+00, 9.11034E+00, 9.11034E+00, 9.11034E+00, 9.11034E+00, 9.11034E+00, 2.67259E+00, 9.11034E+00, 9.11034E+00, 9.11034E+00, 9.11034E+00, 9.11034E+00, 9.11034E+00, 9.11034E+00, 2.67259E+00, 9.11034E+00, 2.67259E+00, 2.67259E+00, 9.11034E+00, 9.11034E+00, 9.11034E+00, 9.11034E+00, 9.11034E+00, 1.28629E+00, 1.97944E+00, 1.97944E+00, 1.97944E+00, 2.67259E+00, 9.11034E+00, 9.11034E+00, 9.11034E+00, 9.11034E+00, 9.11034E+00, 9.11034E+00, 5.93147E-01, 9.11034E+00, 9.11034E+00, 9.11034E+00, 9.11034E+00, 9.11034E+00, 9.11034E+00, 9.11034E+00, 9.11034E+00, 2.67259E+00, 9.11034E+00, 1.97944E+00, 9.11034E+00, 9.11034E+00, 9.11034E+00, 9.11034E+00, 9.11034E+00, 9.11034E+00, 9.11034E+00, 1.28629E+00, 9.11034E+00, 9.11034E+00, 9.11034E+00, 9.11034E+00, 9.11034E+00, 9.11034E+00, 9.11034E+00, 9.11034E+00, 9.11034E+00, 9.11034E+00, 9.11034E+00, 9.11034E+00, 9.11034E+00, 9.11034E+00, 9.11034E+00, 9.11034E+00, 9.11034E+00, 9.11034E+00, 9.11034E+00, 9.11034E+00, 1.97944E+00, 9.11034E+00, 5.93147E-01, 9.11034E+00, 9.11034E+00, 9.11034E+00, 9.11034E+00, 9.11034E+00, 9.11034E+00, 9.11034E+00, 9.11034E+00, 9.11034E+00, 9.11034E+00, 9.11034E+00, 9.11034E+00, 9.11034E+00, 9.11034E+00, 9.11034E+00, 9.11034E+00, 1.28629E+00, 9.11034E+00, 9.11034E+00, 1.28629E+00, 9.11034E+00, 9.11034E+00, 5.93147E-01, 1.28629E+00, 9.11034E+00, 5.93147E-01, -1.00000E-01, 5.93147E-01, 1.28629E+00, -1.00000E-01, 9.11034E+00, 9.11034E+00, 9.11034E+00, 9.11034E+00, 9.11034E+00, 9.11034E+00, 9.11034E+00, 9.11034E+00, 9.11034E+00, 9.11034E+00, 9.11034E+00, 9.11034E+00, -7.93147E-01, 9.11034E+00, 9.11034E+00, 1.28629E+00, 1.28629E+00, 1.28629E+00, 1.28629E+00, 1.28629E+00, 9.11034E+00, 9.11034E+00, 9.11034E+00, 9.11034E+00, 9.11034E+00, 9.11034E+00, 9.11034E+00, 9.11034E+00, 9.11034E+00, 9.11034E+00, 5.93147E-01, 5.93147E-01, 9.11034E+00, 1.97944E+00, 1.28629E+00, 1.97944E+00, 9.11034E+00, 9.11034E+00, 5.93147E-01, 9.11034E+00, 1.28629E+00, 1.28629E+00, 1.97944E+00, 9.11034E+00, 9.11034E+00, 9.11034E+00, 9.11034E+00, 1.28629E+00, 1.28629E+00, 9.11034E+00, 1.28629E+00, 1.28629E+00, 9.11034E+00, 1.28629E+00, 1.28629E+00
)
)
