alpha.visit	1	5
alpha0	6	10
deviance	11	15
pred.visit1	16	20
pred.visit2	21	25
pred.visit3	26	30
pred.visit4	31	35
pred.visit5	36	40
resid[1]	41	45
resid[2]	46	50
resid[3]	51	55
resid[4]	56	60
resid[5]	61	65
resid[6]	66	70
resid[7]	71	75
resid[8]	76	80
resid[9]	81	85
resid[10]	86	90
resid[11]	91	95
resid[12]	96	100
resid[13]	101	105
resid[14]	106	110
resid[15]	111	115
resid[16]	116	120
resid[17]	121	125
resid[18]	126	130
resid[19]	131	135
resid[20]	136	140
resid[21]	141	145
resid[22]	146	150
resid[23]	151	155
resid[24]	156	160
resid[25]	161	165
resid[26]	166	170
resid[27]	171	175
resid[28]	176	180
resid[29]	181	185
resid[30]	186	190
resid[31]	191	195
resid[32]	196	200
resid[33]	201	205
resid[34]	206	210
resid[35]	211	215
resid[36]	216	220
resid[37]	221	225
resid[38]	226	230
resid[39]	231	235
resid[40]	236	240
resid[41]	241	245
resid[42]	246	250
resid[43]	251	255
resid[44]	256	260
resid[45]	261	265
resid[46]	266	270
resid[47]	271	275
resid[48]	276	280
resid[49]	281	285
resid[50]	286	290
resid[51]	291	295
resid[52]	296	300
resid[53]	301	305
resid[54]	306	310
resid[55]	311	315
resid[56]	316	320
resid[57]	321	325
resid[58]	326	330
resid[59]	331	335
resid[60]	336	340
resid[61]	341	345
resid[62]	346	350
resid[63]	351	355
resid[64]	356	360
resid[65]	361	365
resid[66]	366	370
resid[67]	371	375
resid[68]	376	380
resid[69]	381	385
resid[70]	386	390
resid[71]	391	395
resid[72]	396	400
resid[73]	401	405
resid[74]	406	410
resid[75]	411	415
resid[76]	416	420
resid[77]	421	425
resid[78]	426	430
resid[79]	431	435
resid[80]	436	440
resid[81]	441	445
resid[82]	446	450
resid[83]	451	455
resid[84]	456	460
resid[85]	461	465
resid[86]	466	470
resid[87]	471	475
resid[88]	476	480
resid[89]	481	485
resid[90]	486	490
resid[91]	491	495
resid[92]	496	500
resid[93]	501	505
resid[94]	506	510
resid[95]	511	515
resid[96]	516	520
resid[97]	521	525
resid[98]	526	530
resid[99]	531	535
resid[100]	536	540
resid[101]	541	545
resid[102]	546	550
resid[103]	551	555
resid[104]	556	560
resid[105]	561	565
resid[106]	566	570
resid[107]	571	575
resid[108]	576	580
resid[109]	581	585
resid[110]	586	590
resid[111]	591	595
resid[112]	596	600
resid[113]	601	605
resid[114]	606	610
resid[115]	611	615
resid[116]	616	620
resid[117]	621	625
resid[118]	626	630
resid[119]	631	635
resid[120]	636	640
resid[121]	641	645
resid[122]	646	650
resid[123]	651	655
resid[124]	656	660
resid[125]	661	665
resid[126]	666	670
resid[127]	671	675
resid[128]	676	680
resid[129]	681	685
resid[130]	686	690
resid[131]	691	695
resid[132]	696	700
resid[133]	701	705
resid[134]	706	710
resid[135]	711	715
resid[136]	716	720
resid[137]	721	725
resid[138]	726	730
resid[139]	731	735
resid[140]	736	740
resid[141]	741	745
resid[142]	746	750
resid[143]	751	755
resid[144]	756	760
resid[145]	761	765
resid[146]	766	770
resid[147]	771	775
resid[148]	776	780
resid[149]	781	785
resid[150]	786	790
resid[151]	791	795
resid[152]	796	800
resid[153]	801	805
resid[154]	806	810
resid[155]	811	815
resid[156]	816	820
resid[157]	821	825
resid[158]	826	830
resid[159]	831	835
resid[160]	836	840
resid[161]	841	845
resid[162]	846	850
resid[163]	851	855
resid[164]	856	860
resid[165]	861	865
resid[166]	866	870
resid[167]	871	875
resid[168]	876	880
resid[169]	881	885
resid[170]	886	890
resid[171]	891	895
resid[172]	896	900
resid[173]	901	905
resid[174]	906	910
resid[175]	911	915
resid[176]	916	920
resid[177]	921	925
resid[178]	926	930
resid[179]	931	935
resid[180]	936	940
resid[181]	941	945
resid[182]	946	950
resid[183]	951	955
resid[184]	956	960
resid[185]	961	965
resid[186]	966	970
resid[187]	971	975
resid[188]	976	980
resid[189]	981	985
resid[190]	986	990
resid[191]	991	995
resid[192]	996	1000
resid[193]	1001	1005
resid[194]	1006	1010
resid[195]	1011	1015
resid[196]	1016	1020
resid[197]	1021	1025
resid[198]	1026	1030
resid[199]	1031	1035
resid[200]	1036	1040
resid[201]	1041	1045
resid[202]	1046	1050
resid[203]	1051	1055
resid[204]	1056	1060
resid[205]	1061	1065
resid[206]	1066	1070
resid[207]	1071	1075
resid[208]	1076	1080
resid[209]	1081	1085
resid[210]	1086	1090
resid[211]	1091	1095
resid[212]	1096	1100
resid[213]	1101	1105
resid[214]	1106	1110
resid[215]	1111	1115
resid[216]	1116	1120
resid[217]	1121	1125
resid[218]	1126	1130
resid[219]	1131	1135
resid[220]	1136	1140
resid[221]	1141	1145
resid[222]	1146	1150
resid[223]	1151	1155
resid[224]	1156	1160
resid[225]	1161	1165
resid[226]	1166	1170
resid[227]	1171	1175
resid[228]	1176	1180
resid[229]	1181	1185
resid[230]	1186	1190
resid[231]	1191	1195
resid[232]	1196	1200
resid[233]	1201	1205
resid[234]	1206	1210
resid[235]	1211	1215
resid[236]	1216	1220
resid[237]	1221	1225
resid[238]	1226	1230
resid[239]	1231	1235
resid[240]	1236	1240
resid[241]	1241	1245
resid[242]	1246	1250
resid[243]	1251	1255
resid[244]	1256	1260
resid[245]	1261	1265
resid[246]	1266	1270
resid[247]	1271	1275
resid[248]	1276	1280
resid[249]	1281	1285
resid[250]	1286	1290
resid[251]	1291	1295
resid[252]	1296	1300
resid[253]	1301	1305
resid[254]	1306	1310
resid[255]	1311	1315
resid[256]	1316	1320
resid[257]	1321	1325
resid[258]	1326	1330
resid[259]	1331	1335
resid[260]	1336	1340
resid[261]	1341	1345
resid[262]	1346	1350
resid[263]	1351	1355
resid[264]	1356	1360
resid[265]	1361	1365
resid[266]	1366	1370
resid[267]	1371	1375
resid[268]	1376	1380
resid[269]	1381	1385
resid[270]	1386	1390
resid[271]	1391	1395
resid[272]	1396	1400
resid[273]	1401	1405
resid[274]	1406	1410
resid[275]	1411	1415
resid[276]	1416	1420
resid[277]	1421	1425
resid[278]	1426	1430
resid[279]	1431	1435
resid[280]	1436	1440
resid[281]	1441	1445
resid[282]	1446	1450
resid[283]	1451	1455
resid[284]	1456	1460
resid[285]	1461	1465
resid[286]	1466	1470
resid[287]	1471	1475
resid[288]	1476	1480
resid[289]	1481	1485
resid[290]	1486	1490
resid[291]	1491	1495
resid[292]	1496	1500
resid[293]	1501	1505
resid[294]	1506	1510
resid[295]	1511	1515
resid[296]	1516	1520
resid[297]	1521	1525
resid[298]	1526	1530
resid[299]	1531	1535
resid[300]	1536	1540
resid[301]	1541	1545
resid[302]	1546	1550
resid[303]	1551	1555
resid[304]	1556	1560
resid[305]	1561	1565
resid[306]	1566	1570
resid[307]	1571	1575
resid[308]	1576	1580
resid[309]	1581	1585
resid[310]	1586	1590
resid[311]	1591	1595
resid[312]	1596	1600
resid[313]	1601	1605
resid[314]	1606	1610
resid[315]	1611	1615
resid[316]	1616	1620
resid[317]	1621	1625
resid[318]	1626	1630
resid[319]	1631	1635
resid[320]	1636	1640
resid[321]	1641	1645
resid[322]	1646	1650
resid[323]	1651	1655
resid[324]	1656	1660
resid[325]	1661	1665
resid[326]	1666	1670
resid[327]	1671	1675
resid[328]	1676	1680
resid[329]	1681	1685
resid[330]	1686	1690
resid[331]	1691	1695
resid[332]	1696	1700
resid[333]	1701	1705
resid[334]	1706	1710
resid[335]	1711	1715
resid[336]	1716	1720
resid[337]	1721	1725
resid[338]	1726	1730
resid[339]	1731	1735
resid[340]	1736	1740
resid[341]	1741	1745
resid[342]	1746	1750
resid[343]	1751	1755
resid[344]	1756	1760
resid[345]	1761	1765
resid[346]	1766	1770
resid[347]	1771	1775
resid[348]	1776	1780
resid[349]	1781	1785
resid[350]	1786	1790
resid[351]	1791	1795
resid[352]	1796	1800
resid[353]	1801	1805
resid[354]	1806	1810
resid[355]	1811	1815
resid[356]	1816	1820
resid[357]	1821	1825
resid[358]	1826	1830
resid[359]	1831	1835
resid[360]	1836	1840
resid[361]	1841	1845
resid[362]	1846	1850
resid[363]	1851	1855
resid[364]	1856	1860
resid[365]	1861	1865
resid[366]	1866	1870
resid[367]	1871	1875
resid[368]	1876	1880
resid[369]	1881	1885
resid[370]	1886	1890
resid[371]	1891	1895
resid[372]	1896	1900
resid[373]	1901	1905
resid[374]	1906	1910
resid[375]	1911	1915
resid[376]	1916	1920
resid[377]	1921	1925
resid[378]	1926	1930
resid[379]	1931	1935
resid[380]	1936	1940
resid[381]	1941	1945
resid[382]	1946	1950
resid[383]	1951	1955
resid[384]	1956	1960
resid[385]	1961	1965
resid[386]	1966	1970
resid[387]	1971	1975
resid[388]	1976	1980
resid[389]	1981	1985
resid[390]	1986	1990
resid[391]	1991	1995
resid[392]	1996	2000
resid[393]	2001	2005
resid[394]	2006	2010
resid[395]	2011	2015
resid[396]	2016	2020
resid[397]	2021	2025
resid[398]	2026	2030
resid[399]	2031	2035
resid[400]	2036	2040
resid[401]	2041	2045
resid[402]	2046	2050
resid[403]	2051	2055
resid[404]	2056	2060
resid[405]	2061	2065
resid[406]	2066	2070
resid[407]	2071	2075
resid[408]	2076	2080
resid[409]	2081	2085
resid[410]	2086	2090
resid[411]	2091	2095
resid[412]	2096	2100
resid[413]	2101	2105
resid[414]	2106	2110
resid[415]	2111	2115
resid[416]	2116	2120
resid[417]	2121	2125
resid[418]	2126	2130
resid[419]	2131	2135
resid[420]	2136	2140
resid[421]	2141	2145
resid[422]	2146	2150
resid[423]	2151	2155
resid[424]	2156	2160
resid[425]	2161	2165
resid[426]	2166	2170
resid[427]	2171	2175
resid[428]	2176	2180
resid[429]	2181	2185
resid[430]	2186	2190
resid[431]	2191	2195
resid[432]	2196	2200
resid[433]	2201	2205
resid[434]	2206	2210
resid[435]	2211	2215
resid[436]	2216	2220
resid[437]	2221	2225
resid[438]	2226	2230
resid[439]	2231	2235
resid[440]	2236	2240
resid[441]	2241	2245
resid[442]	2246	2250
resid[443]	2251	2255
resid[444]	2256	2260
resid[445]	2261	2265
resid[446]	2266	2270
resid[447]	2271	2275
resid[448]	2276	2280
resid[449]	2281	2285
resid[450]	2286	2290
resid[451]	2291	2295
resid[452]	2296	2300
resid[453]	2301	2305
resid[454]	2306	2310
resid[455]	2311	2315
resid[456]	2316	2320
resid[457]	2321	2325
resid[458]	2326	2330
resid[459]	2331	2335
resid[460]	2336	2340
resid[461]	2341	2345
resid[462]	2346	2350
resid[463]	2351	2355
resid[464]	2356	2360
resid[465]	2361	2365
resid[466]	2366	2370
resid[467]	2371	2375
resid[468]	2376	2380
resid[469]	2381	2385
resid[470]	2386	2390
resid[471]	2391	2395
resid[472]	2396	2400
resid[473]	2401	2405
sigmaLmic	2406	2410
